step_size,residual_node_ratio
5,0.3392
10,0.307
15,0.2964
20,0.2931
25,0.2918
30,0.2916
35,0.2916
40,0.2916
45,0.2916
50,0.2916
55,0.2916
60,0.2916
65,0.2916
70,0.2916
75,0.2916
80,0.2916
85,0.2916
90,0.2916
95,0.2916
100,0.2916
105,0.2916
110,0.2916
115,0.2916
120,0.2916
125,0.2916
130,0.2916
135,0.2916
140,0.2916
145,0.2916
150,0.2916
155,0.2916
160,0.2916
165,0.2916
170,0.2916
175,0.2916
180,0.2916
185,0.2916
190,0.2916
195,0.2916
200,0.2916
205,0.2916
210,0.2916
215,0.2916
220,0.2916
225,0.2916
230,0.2916
235,0.2916
240,0.2916
245,0.2916
250,0.2916
255,0.2916
260,0.2916
265,0.2916
270,0.2916
275,0.2916
280,0.2916
285,0.2916
290,0.2916
295,0.2916
300,0.2916
305,0.2916
310,0.2916
315,0.2916
320,0.2916
325,0.2916
330,0.2916
335,0.2916
340,0.2916
345,0.2916
350,0.2916
355,0.2916
360,0.2916
365,0.2916
370,0.2916
375,0.2916
380,0.2916
385,0.2916
390,0.2916
395,0.2916
400,0.2916
405,0.2916
410,0.2916
415,0.2916
420,0.2916
425,0.2916
430,0.2916
435,0.2916
440,0.2916
445,0.2916
450,0.2916
455,0.2916
460,0.2916
465,0.2916
470,0.2916
475,0.2916
480,0.2916
485,0.2916
490,0.2916
495,0.2916
500,0.2916
505,0.2916
510,0.2916
515,0.2916
520,0.2916
525,0.2916
530,0.2916
535,0.2916
540,0.2916
545,0.2916
550,0.2916
555,0.2916
560,0.2916
565,0.2916
570,0.2916
575,0.2916
580,0.2916
585,0.2916
590,0.2916
595,0.2916
600,0.2916
605,0.2916
610,0.2916
615,0.2916
620,0.2916
625,0.2916
630,0.2916
635,0.2916
640,0.2916
645,0.2916
650,0.2916
655,0.2916
660,0.2916
665,0.2916
670,0.2916
675,0.2916
680,0.2916
685,0.2916
690,0.2916
695,0.2916
700,0.2916
705,0.2916
710,0.2916
715,0.2916
720,0.2916
725,0.2916
730,0.2916
735,0.2916
740,0.2916
745,0.2916
750,0.2916
755,0.2916
760,0.2916
765,0.2916
770,0.2916
775,0.2916
780,0.2916
785,0.2916
790,0.2916
795,0.2916
800,0.2916
805,0.2916
810,0.2916
815,0.2916
820,0.2916
825,0.2916
830,0.2916
835,0.2916
840,0.2916
845,0.2916
850,0.2916
855,0.2916
860,0.2916
865,0.2916
870,0.2916
875,0.2916
880,0.2916
885,0.2916
890,0.2916
895,0.2916
900,0.2916
905,0.2916
910,0.2916
915,0.2916
920,0.2916
925,0.2916
930,0.2916
935,0.2916
940,0.2916
945,0.2916
950,0.2916
955,0.2916
960,0.2916
965,0.2916
970,0.2916
975,0.2916
980,0.2916
985,0.2916
990,0.2916
995,0.2916
1000,0.2916
1005,0.2916
1010,0.2916
1015,0.2916
1020,0.2916
1025,0.2916
1030,0.2916
1035,0.2916
1040,0.2916
1045,0.2916
1050,0.2916
1055,0.2916
1060,0.2916
1065,0.2916
1070,0.2916
1075,0.2916
1080,0.2916
1085,0.2916
1090,0.2916
1095,0.2916
1100,0.2916
1105,0.2916
1110,0.2916
1115,0.2916
1120,0.2916
1125,0.2916
1130,0.2916
1135,0.2916
1140,0.2916
1145,0.2916
1150,0.2916
1155,0.2916
1160,0.2916
1165,0.2916
1170,0.2916
1175,0.2916
1180,0.2916
1185,0.2916
1190,0.2916
1195,0.2916
1200,0.2916
1205,0.2916
1210,0.2916
1215,0.2916
1220,0.2916
1225,0.2916
1230,0.2916
1235,0.2916
1240,0.2916
1245,0.2916
1250,0.2916
1255,0.2916
1260,0.2916
1265,0.2916
1270,0.2916
1275,0.2916
1280,0.2916
1285,0.2916
1290,0.2916
1295,0.2916
1300,0.2916
1305,0.2916
1310,0.2916
1315,0.2916
1320,0.2916
1325,0.2916
1330,0.2916
1335,0.2916
1340,0.2916
1345,0.2916
1350,0.2916
1355,0.2916
1360,0.2916
1365,0.2916
1370,0.2916
1375,0.2916
1380,0.2916
1385,0.2916
1390,0.2916
1395,0.2916
1400,0.2916
1405,0.2916
1410,0.2916
1415,0.2916
1420,0.2916
1425,0.2916
1430,0.2916
1435,0.2916
1440,0.2916
1445,0.2916
1450,0.2916
1455,0.2916
1460,0.2916
1465,0.2916
1470,0.2916
1475,0.2916
1480,0.2916
1485,0.2916
1490,0.2916
1495,0.2916
1500,0.2916
1505,0.2916
1510,0.2916
1515,0.2916
1520,0.2916
1525,0.2916
1530,0.2916
1535,0.2916
1540,0.2916
1545,0.2916
1550,0.2916
1555,0.2916
1560,0.2916
1565,0.2916
1570,0.2916
1575,0.2916
1580,0.2916
1585,0.2916
1590,0.2916
1595,0.2916
1600,0.2916
1605,0.2916
1610,0.2916
1615,0.2916
1620,0.2916
1625,0.2916
1630,0.2916
1635,0.2916
1640,0.2916
1645,0.2916
1650,0.2916
1655,0.2916
1660,0.2916
1665,0.2916
1670,0.2916
1675,0.2916
1680,0.2916
1685,0.2916
1690,0.2916
1695,0.2916
1700,0.2916
1705,0.2916
1710,0.2916
1715,0.2916
1720,0.2916
1725,0.2916
1730,0.2916
1735,0.2916
1740,0.2916
1745,0.2916
1750,0.2916
1755,0.2916
1760,0.2916
1765,0.2916
1770,0.2916
1775,0.2916
1780,0.2916
1785,0.2916
1790,0.2916
1795,0.2916
1800,0.2916
1805,0.2916
1810,0.2916
1815,0.2916
1820,0.2916
1825,0.2916
1830,0.2916
1835,0.2916
1840,0.2916
1845,0.2916
1850,0.2916
1855,0.2916
1860,0.2916
1865,0.2916
1870,0.2916
1875,0.2916
1880,0.2916
1885,0.2916
1890,0.2916
1895,0.2916
1900,0.2916
1905,0.2916
1910,0.2916
1915,0.2916
1920,0.2916
1925,0.2916
1930,0.2916
1935,0.2916
1940,0.2916
1945,0.2916
1950,0.2916
1955,0.2916
1960,0.2916
1965,0.2916
1970,0.2916
1975,0.2916
1980,0.2916
1985,0.2916
1990,0.2916
1995,0.2916
2000,0.2916
2005,0.2916
2010,0.2916
2015,0.2916
2020,0.2916
2025,0.2916
2030,0.2916
2035,0.2916
2040,0.2916
2045,0.2916
2050,0.2916
2055,0.2916
2060,0.2916
2065,0.2916
2070,0.2916
2075,0.2916
2080,0.2916
2085,0.2916
2090,0.2916
2095,0.2916
2100,0.2916
2105,0.2916
2110,0.2916
2115,0.2916
2120,0.2916
2125,0.2916
2130,0.2916
2135,0.2916
2140,0.2916
2145,0.2916
2150,0.2916
2155,0.2916
2160,0.2916
2165,0.2916
2170,0.2916
2175,0.2916
2180,0.2916
2185,0.2916
2190,0.2916
2195,0.2916
2200,0.2916
2205,0.2916
2210,0.2916
2215,0.2916
2220,0.2916
2225,0.2916
2230,0.2916
2235,0.2916
2240,0.2916
2245,0.2916
2250,0.2916
2255,0.2916
2260,0.2916
2265,0.2916
2270,0.2916
2275,0.2916
2280,0.2916
2285,0.2916
2290,0.2916
2295,0.2916
2300,0.2916
2305,0.2916
2310,0.2916
2315,0.2916
2320,0.2916
2325,0.2916
2330,0.2916
2335,0.2916
2340,0.2916
2345,0.2916
2350,0.2916
2355,0.2916
2360,0.2916
2365,0.2916
2370,0.2916
2375,0.2916
2380,0.2916
2385,0.2916
2390,0.2916
2395,0.2916
2400,0.2916
2405,0.2916
2410,0.2916
2415,0.2916
2420,0.2916
2425,0.2916
2430,0.2916
2435,0.2916
2440,0.2916
2445,0.2916
2450,0.2916
2455,0.2916
2460,0.2916
2465,0.2916
2470,0.2916
2475,0.2916
2480,0.2916
2485,0.2916
2490,0.2916
2495,0.2916
2500,0.2916
2505,0.2916
2510,0.2916
2515,0.2916
2520,0.2916
2525,0.2916
2530,0.2916
2535,0.2916
2540,0.2916
2545,0.2916
2550,0.2916
2555,0.2916
2560,0.2916
2565,0.2916
2570,0.2916
2575,0.2916
2580,0.2916
2585,0.2916
2590,0.2916
2595,0.2916
2600,0.2916
2605,0.2916
2610,0.2916
2615,0.2916
2620,0.2916
2625,0.2916
2630,0.2916
2635,0.2916
2640,0.2916
2645,0.2916
2650,0.2916
2655,0.2916
2660,0.2916
2665,0.2916
2670,0.2916
2675,0.2916
2680,0.2916
2685,0.2916
2690,0.2916
2695,0.2916
2700,0.2916
2705,0.2916
2710,0.2916
2715,0.2916
2720,0.2916
2725,0.2916
2730,0.2916
2735,0.2916
2740,0.2916
2745,0.2916
2750,0.2916
2755,0.2916
2760,0.2916
2765,0.2916
2770,0.2916
2775,0.2916
2780,0.2916
2785,0.2916
2790,0.2916
2795,0.2916
2800,0.2916
2805,0.2916
2810,0.2916
2815,0.2916
2820,0.2916
2825,0.2916
2830,0.2916
2835,0.2916
2840,0.2916
2845,0.2916
2850,0.2916
2855,0.2916
2860,0.2916
2865,0.2916
2870,0.2916
2875,0.2916
2880,0.2916
2885,0.2916
2890,0.2916
2895,0.2916
2900,0.2916
2905,0.2916
2910,0.2916
2915,0.2916
2920,0.2916
2925,0.2916
2930,0.2916
2935,0.2916
2940,0.2916
2945,0.2916
2950,0.2916
2955,0.2916
2960,0.2916
2965,0.2916
2970,0.2916
2975,0.2916
2980,0.2916
2985,0.2916
2990,0.2916
2995,0.2916
3000,0.2916
3005,0.2916
3010,0.2916
3015,0.2916
3020,0.2916
3025,0.2916
3030,0.2916
3035,0.2916
3040,0.2916
3045,0.2916
3050,0.2916
3055,0.2916
3060,0.2916
3065,0.2916
3070,0.2916
3075,0.2916
3080,0.2916
3085,0.2916
3090,0.2916
3095,0.2916
3100,0.2916
3105,0.2916
3110,0.2916
3115,0.2916
3120,0.2916
3125,0.2916
3130,0.2916
3135,0.2916
3140,0.2916
3145,0.2916
3150,0.2916
3155,0.2916
3160,0.2916
3165,0.2916
3170,0.2916
3175,0.2916
3180,0.2916
3185,0.2916
3190,0.2916
3195,0.2916
3200,0.2916
3205,0.2916
3210,0.2916
3215,0.2916
3220,0.2916
3225,0.2916
3230,0.2916
3235,0.2916
3240,0.2916
3245,0.2916
3250,0.2916
3255,0.2916
3260,0.2916
3265,0.2916
3270,0.2916
3275,0.2916
3280,0.2916
3285,0.2916
3290,0.2916
3295,0.2916
3300,0.2916
3305,0.2916
3310,0.2916
3315,0.2916
3320,0.2916
3325,0.2916
3330,0.2916
3335,0.2916
3340,0.2916
3345,0.2916
3350,0.2916
3355,0.2916
3360,0.2916
3365,0.2916
3370,0.2916
3375,0.2916
3380,0.2916
3385,0.2916
3390,0.2916
3395,0.2916
3400,0.2916
3405,0.2916
3410,0.2916
3415,0.2916
3420,0.2916
3425,0.2916
3430,0.2916
3435,0.2916
3440,0.2916
3445,0.2916
3450,0.2916
3455,0.2916
3460,0.2916
3465,0.2916
3470,0.2916
3475,0.2916
3480,0.2916
3485,0.2916
3490,0.2916
3495,0.2916
3500,0.2916
3505,0.2916
3510,0.2916
3515,0.2916
3520,0.2916
3525,0.2916
3530,0.2916
3535,0.2916
3540,0.2916
3545,0.2916
3550,0.2916
3555,0.2916
3560,0.2916
3565,0.2916
3570,0.2916
3575,0.2916
3580,0.2916
3585,0.2916
3590,0.2916
3595,0.2916
3600,0.2916
3605,0.2916
3610,0.2916
3615,0.2916
3620,0.2916
3625,0.2916
3630,0.2916
3635,0.2916
3640,0.2916
3645,0.2916
3650,0.2916
3655,0.2916
3660,0.2916
3665,0.2916
3670,0.2916
3675,0.2916
3680,0.2916
3685,0.2916
3690,0.2916
3695,0.2916
3700,0.2916
3705,0.2916
3710,0.2916
3715,0.2916
3720,0.2916
3725,0.2916
3730,0.2916
3735,0.2916
3740,0.2916
3745,0.2916
3750,0.2916
3755,0.2916
3760,0.2916
3765,0.2916
3770,0.2916
3775,0.2916
3780,0.2916
3785,0.2916
3790,0.2916
3795,0.2916
3800,0.2916
3805,0.2916
3810,0.2916
3815,0.2916
3820,0.2916
3825,0.2916
3830,0.2916
3835,0.2916
3840,0.2916
3845,0.2916
3850,0.2916
3855,0.2916
3860,0.2916
3865,0.2916
3870,0.2916
3875,0.2916
3880,0.2916
3885,0.2916
3890,0.2916
3895,0.2916
3900,0.2916
3905,0.2916
3910,0.2916
3915,0.2916
3920,0.2916
3925,0.2916
3930,0.2916
3935,0.2916
3940,0.2916
3945,0.2916
3950,0.2916
3955,0.2916
3960,0.2916
3965,0.2916
3970,0.2916
3975,0.2916
3980,0.2916
3985,0.2916
3990,0.2916
3995,0.2916
4000,0.2916
4005,0.2916
4010,0.2916
4015,0.2916
4020,0.2916
4025,0.2916
4030,0.2916
4035,0.2916
4040,0.2916
4045,0.2916
4050,0.2916
4055,0.2916
4060,0.2916
4065,0.2916
4070,0.2916
4075,0.2916
4080,0.2916
4085,0.2916
4090,0.2916
4095,0.2916
4100,0.2916
4105,0.2916
4110,0.2916
4115,0.2916
4120,0.2916
4125,0.2916
4130,0.2916
4135,0.2916
4140,0.2916
4145,0.2916
4150,0.2916
4155,0.2916
4160,0.2916
4165,0.2916
4170,0.2916
4175,0.2916
4180,0.2916
4185,0.2916
4190,0.2916
4195,0.2916
4200,0.2916
4205,0.2916
4210,0.2916
4215,0.2916
4220,0.2916
4225,0.2916
4230,0.2916
4235,0.2916
4240,0.2916
4245,0.2916
4250,0.2916
4255,0.2916
4260,0.2916
4265,0.2916
4270,0.2916
4275,0.2916
4280,0.2916
4285,0.2916
4290,0.2916
4295,0.2916
4300,0.2916
4305,0.2916
4310,0.2916
4315,0.2916
4320,0.2916
4325,0.2916
4330,0.2916
4335,0.2916
4340,0.2916
4345,0.2916
4350,0.2916
4355,0.2916
4360,0.2916
4365,0.2916
4370,0.2916
4375,0.2916
4380,0.2916
4385,0.2916
4390,0.2916
4395,0.2916
4400,0.2916
4405,0.2916
4410,0.2916
4415,0.2916
4420,0.2916
4425,0.2916
4430,0.2916
4435,0.2916
4440,0.2916
4445,0.2916
4450,0.2916
4455,0.2916
4460,0.2916
4465,0.2916
4470,0.2916
4475,0.2916
4480,0.2916
4485,0.2916
4490,0.2916
4495,0.2916
4500,0.2916
4505,0.2916
4510,0.2916
4515,0.2916
4520,0.2916
4525,0.2916
4530,0.2916
4535,0.2916
4540,0.2916
4545,0.2916
4550,0.2916
4555,0.2916
4560,0.2916
4565,0.2916
4570,0.2916
4575,0.2916
4580,0.2916
4585,0.2916
4590,0.2916
4595,0.2916
4600,0.2916
4605,0.2916
4610,0.2916
4615,0.2916
4620,0.2916
4625,0.2916
4630,0.2916
4635,0.2916
4640,0.2916
4645,0.2916
4650,0.2916
4655,0.2916
4660,0.2916
4665,0.2916
4670,0.2916
4675,0.2916
4680,0.2916
4685,0.2916
4690,0.2916
4695,0.2916
4700,0.2916
4705,0.2916
4710,0.2916
4715,0.2916
4720,0.2916
4725,0.2916
4730,0.2916
4735,0.2916
4740,0.2916
4745,0.2916
4750,0.2916
4755,0.2916
4760,0.2916
4765,0.2916
4770,0.2916
4775,0.2916
4780,0.2916
4785,0.2916
4790,0.2916
4795,0.2916
4800,0.2916
4805,0.2916
4810,0.2916
4815,0.2916
4820,0.2916
4825,0.2916
4830,0.2916
4835,0.2916
4840,0.2916
4845,0.2916
4850,0.2916
4855,0.2916
4860,0.2916
4865,0.2916
4870,0.2916
4875,0.2916
4880,0.2916
4885,0.2916
4890,0.2916
4895,0.2916
4900,0.2916
4905,0.2916
4910,0.2916
4915,0.2916
4920,0.2916
4925,0.2916
4930,0.2916
4935,0.2916
4940,0.2916
4945,0.2916
4950,0.2916
4955,0.2916
4960,0.2916
4965,0.2916
4970,0.2916
4975,0.2916
4980,0.2916
4985,0.2916
4990,0.2916
4995,0.2916
5000,0.2916
5005,0.2916
5010,0.2916
5015,0.2916
5020,0.2916
5025,0.2916
5030,0.2916
5035,0.2916
5040,0.2916
5045,0.2916
5050,0.2916
5055,0.2916
5060,0.2916
5065,0.2916
5070,0.2916
5075,0.2916
5080,0.2916
5085,0.2916
5090,0.2916
5095,0.2916
5100,0.2916
5105,0.2916
5110,0.2916
5115,0.2916
5120,0.2916
5125,0.2916
5130,0.2916
5135,0.2916
5140,0.2916
5145,0.2916
5150,0.2916
5155,0.2916
5160,0.2916
5165,0.2916
5170,0.2916
5175,0.2916
5180,0.2916
5185,0.2916
5190,0.2916
5195,0.2916
5200,0.2916
5205,0.2916
5210,0.2916
5215,0.2916
5220,0.2916
5225,0.2916
5230,0.2916
5235,0.2916
5240,0.2916
5245,0.2916
5250,0.2916
5255,0.2916
5260,0.2916
5265,0.2916
5270,0.2916
5275,0.2916
5280,0.2916
5285,0.2916
5290,0.2916
5295,0.2916
5300,0.2916
5305,0.2916
5310,0.2916
5315,0.2916
5320,0.2916
5325,0.2916
5330,0.2916
5335,0.2916
5340,0.2916
5345,0.2916
5350,0.2916
5355,0.2916
5360,0.2916
5365,0.2916
5370,0.2916
5375,0.2916
5380,0.2916
5385,0.2916
5390,0.2916
5395,0.2916
5400,0.2916
5405,0.2916
5410,0.2916
5415,0.2916
5420,0.2916
5425,0.2916
5430,0.2916
5435,0.2916
5440,0.2916
5445,0.2916
5450,0.2916
5455,0.2916
5460,0.2916
5465,0.2916
5470,0.2916
5475,0.2916
5480,0.2916
5485,0.2916
5490,0.2916
5495,0.2916
5500,0.2916
5505,0.2916
5510,0.2916
5515,0.2916
5520,0.2916
5525,0.2916
5530,0.2916
5535,0.2916
5540,0.2916
5545,0.2916
5550,0.2916
5555,0.2916
5560,0.2916
5565,0.2916
5570,0.2916
5575,0.2916
5580,0.2916
5585,0.2916
5590,0.2916
5595,0.2916
5600,0.2916
5605,0.2916
5610,0.2916
5615,0.2916
5620,0.2916
5625,0.2916
5630,0.2916
5635,0.2916
5640,0.2916
5645,0.2916
5650,0.2916
5655,0.2916
5660,0.2916
5665,0.2916
5670,0.2916
5675,0.2916
5680,0.2916
5685,0.2916
5690,0.2916
5695,0.2916
5700,0.2916
5705,0.2916
5710,0.2916
5715,0.2916
5720,0.2916
5725,0.2916
5730,0.2916
5735,0.2916
5740,0.2916
5745,0.2916
5750,0.2916
5755,0.2916
5760,0.2916
5765,0.2916
5770,0.2916
5775,0.2916
5780,0.2916
5785,0.2916
5790,0.2916
5795,0.2916
5800,0.2916
5805,0.2916
5810,0.2916
5815,0.2916
5820,0.2916
5825,0.2916
5830,0.2916
5835,0.2916
5840,0.2916
5845,0.2916
5850,0.2916
5855,0.2916
5860,0.2916
5865,0.2916
5870,0.2916
5875,0.2916
5880,0.2916
5885,0.2916
5890,0.2916
5895,0.2916
5900,0.2916
5905,0.2916
5910,0.2916
5915,0.2916
5920,0.2916
5925,0.2916
5930,0.2916
5935,0.2916
5940,0.2916
5945,0.2916
5950,0.2916
5955,0.2916
5960,0.2916
5965,0.2916
5970,0.2916
5975,0.2916
5980,0.2916
5985,0.2916
5990,0.2916
5995,0.2916
6000,0.2916
6005,0.2916
6010,0.2916
6015,0.2916
6020,0.2916
6025,0.2916
6030,0.2916
6035,0.2916
6040,0.2916
6045,0.2916
6050,0.2916
6055,0.2916
6060,0.2916
6065,0.2916
6070,0.2916
6075,0.2916
6080,0.2916
6085,0.2916
6090,0.2916
6095,0.2916
6100,0.2916
6105,0.2916
6110,0.2916
6115,0.2916
6120,0.2916
6125,0.2916
6130,0.2916
6135,0.2916
6140,0.2916
6145,0.2916
6150,0.2916
6155,0.2916
6160,0.2916
6165,0.2916
6170,0.2916
6175,0.2916
6180,0.2916
6185,0.2916
6190,0.2916
6195,0.2916
6200,0.2916
6205,0.2916
6210,0.2916
6215,0.2916
6220,0.2916
6225,0.2916
6230,0.2916
6235,0.2916
6240,0.2916
6245,0.2916
6250,0.2916
6255,0.2916
6260,0.2916
6265,0.2916
6270,0.2916
6275,0.2916
6280,0.2916
6285,0.2916
6290,0.2916
6295,0.2916
6300,0.2916
6305,0.2916
6310,0.2916
6315,0.2916
6320,0.2916
6325,0.2916
6330,0.2916
6335,0.2916
6340,0.2916
6345,0.2916
6350,0.2916
6355,0.2916
6360,0.2916
6365,0.2916
6370,0.2916
6375,0.2916
6380,0.2916
6385,0.2916
6390,0.2916
6395,0.2916
6400,0.2916
6405,0.2916
6410,0.2916
6415,0.2916
6420,0.2916
6425,0.2916
6430,0.2916
6435,0.2916
6440,0.2916
6445,0.2916
6450,0.2916
6455,0.2916
6460,0.2916
6465,0.2916
6470,0.2916
6475,0.2916
6480,0.2916
6485,0.2916
6490,0.2916
6495,0.2916
6500,0.2916
6505,0.2916
6510,0.2916
6515,0.2916
6520,0.2916
6525,0.2916
6530,0.2916
6535,0.2916
6540,0.2916
6545,0.2916
6550,0.2916
6555,0.2916
6560,0.2916
6565,0.2916
6570,0.2916
6575,0.2916
6580,0.2916
6585,0.2916
6590,0.2916
6595,0.2916
6600,0.2916
6605,0.2916
6610,0.2916
6615,0.2916
6620,0.2916
6625,0.2916
6630,0.2916
6635,0.2916
6640,0.2916
6645,0.2916
6650,0.2916
6655,0.2916
6660,0.2916
6665,0.2916
6670,0.2916
6675,0.2916
6680,0.2916
6685,0.2916
6690,0.2916
6695,0.2916
6700,0.2916
6705,0.2916
6710,0.2916
6715,0.2916
6720,0.2916
6725,0.2916
6730,0.2916
6735,0.2916
6740,0.2916
6745,0.2916
6750,0.2916
6755,0.2916
6760,0.2916
6765,0.2916
6770,0.2916
6775,0.2916
6780,0.2916
6785,0.2916
6790,0.2916
6795,0.2916
6800,0.2916
6805,0.2916
6810,0.2916
6815,0.2916
6820,0.2916
6825,0.2916
6830,0.2916
6835,0.2916
6840,0.2916
6845,0.2916
6850,0.2916
6855,0.2916
6860,0.2916
6865,0.2916
6870,0.2916
6875,0.2916
6880,0.2916
6885,0.2916
6890,0.2916
6895,0.2916
6900,0.2916
6905,0.2916
6910,0.2916
6915,0.2916
6920,0.2916
6925,0.2916
6930,0.2916
6935,0.2916
6940,0.2916
6945,0.2916
6950,0.2916
6955,0.2916
6960,0.2916
6965,0.2916
6970,0.2916
6975,0.2916
6980,0.2916
6985,0.2916
6990,0.2916
6995,0.2916
7000,0.2916
7005,0.2916
7010,0.2916
7015,0.2916
7020,0.2916
7025,0.2916
7030,0.2916
7035,0.2916
7040,0.2916
7045,0.2916
7050,0.2916
7055,0.2916
7060,0.2916
7065,0.2916
7070,0.2916
7075,0.2916
7080,0.2916
7085,0.2916
7090,0.2916
7095,0.2916
7100,0.2916
7105,0.2916
7110,0.2916
7115,0.2916
7120,0.2916
7125,0.2916
7130,0.2916
7135,0.2916
7140,0.2916
7145,0.2916
7150,0.2916
7155,0.2916
7160,0.2916
7165,0.2916
7170,0.2916
7175,0.2916
7180,0.2916
7185,0.2916
7190,0.2916
7195,0.2916
7200,0.2916
7205,0.2916
7210,0.2916
7215,0.2916
7220,0.2916
7225,0.2916
7230,0.2916
7235,0.2916
7240,0.2916
7245,0.2916
7250,0.2916
7255,0.2916
7260,0.2916
7265,0.2916
7270,0.2916
7275,0.2916
7280,0.2916
7285,0.2916
7290,0.2916
7295,0.2916
7300,0.2916
7305,0.2916
7310,0.2916
7315,0.2916
7320,0.2916
7325,0.2916
7330,0.2916
7335,0.2916
7340,0.2916
7345,0.2916
7350,0.2916
7355,0.2916
7360,0.2916
7365,0.2916
7370,0.2916
7375,0.2916
7380,0.2916
7385,0.2916
7390,0.2916
7395,0.2916
7400,0.2916
7405,0.2916
7410,0.2916
7415,0.2916
7420,0.2916
7425,0.2916
7430,0.2916
7435,0.2916
7440,0.2916
7445,0.2916
7450,0.2916
7455,0.2916
7460,0.2916
7465,0.2916
7470,0.2916
7475,0.2916
7480,0.2916
7485,0.2916
7490,0.2916
7495,0.2916
7500,0.2916
7505,0.2916
7510,0.2916
7515,0.2916
7520,0.2916
7525,0.2916
7530,0.2916
7535,0.2916
7540,0.2916
7545,0.2916
7550,0.2916
7555,0.2916
7560,0.2916
7565,0.2916
7570,0.2916
7575,0.2916
7580,0.2916
7585,0.2916
7590,0.2916
7595,0.2916
7600,0.2916
7605,0.2916
7610,0.2916
7615,0.2916
7620,0.2916
7625,0.2916
7630,0.2916
7635,0.2916
7640,0.2916
7645,0.2916
7650,0.2916
7655,0.2916
7660,0.2916
7665,0.2916
7670,0.2916
7675,0.2916
7680,0.2916
7685,0.2916
7690,0.2916
7695,0.2916
7700,0.2916
7705,0.2916
7710,0.2916
7715,0.2916
7720,0.2916
7725,0.2916
7730,0.2916
7735,0.2916
7740,0.2916
7745,0.2916
7750,0.2916
7755,0.2916
7760,0.2916
7765,0.2916
7770,0.2916
7775,0.2916
7780,0.2916
7785,0.2916
7790,0.2916
7795,0.2916
7800,0.2916
7805,0.2916
7810,0.2916
7815,0.2916
7820,0.2916
7825,0.2916
7830,0.2916
7835,0.2916
7840,0.2916
7845,0.2916
7850,0.2916
7855,0.2916
7860,0.2916
7865,0.2916
7870,0.2916
7875,0.2916
7880,0.2916
7885,0.2916
7890,0.2916
7895,0.2916
7900,0.2916
7905,0.2916
7910,0.2916
7915,0.2916
7920,0.2916
7925,0.2916
7930,0.2916
7935,0.2916
7940,0.2916
7945,0.2916
7950,0.2916
7955,0.2916
7960,0.2916
7965,0.2916
7970,0.2916
7975,0.2916
7980,0.2916
7985,0.2916
7990,0.2916
7995,0.2916
8000,0.2916
8005,0.2916
8010,0.2916
8015,0.2916
8020,0.2916
8025,0.2916
8030,0.2916
8035,0.2916
8040,0.2916
8045,0.2916
8050,0.2916
8055,0.2916
8060,0.2916
8065,0.2916
8070,0.2916
8075,0.2916
8080,0.2916
8085,0.2916
8090,0.2916
8095,0.2916
8100,0.2916
8105,0.2916
8110,0.2916
8115,0.2916
8120,0.2916
8125,0.2916
8130,0.2916
8135,0.2916
8140,0.2916
8145,0.2916
8150,0.2916
8155,0.2916
8160,0.2916
8165,0.2916
8170,0.2916
8175,0.2916
8180,0.2916
8185,0.2916
8190,0.2916
8195,0.2916
8200,0.2916
8205,0.2916
8210,0.2916
8215,0.2916
8220,0.2916
8225,0.2916
8230,0.2916
8235,0.2916
8240,0.2916
8245,0.2916
8250,0.2916
8255,0.2916
8260,0.2916
8265,0.2916
8270,0.2916
8275,0.2916
8280,0.2916
8285,0.2916
8290,0.2916
8295,0.2916
8300,0.2916
8305,0.2916
8310,0.2916
8315,0.2916
8320,0.2916
8325,0.2916
8330,0.2916
8335,0.2916
8340,0.2916
8345,0.2916
8350,0.2916
8355,0.2916
8360,0.2916
8365,0.2916
8370,0.2916
8375,0.2916
8380,0.2916
8385,0.2916
8390,0.2916
8395,0.2916
8400,0.2916
8405,0.2916
8410,0.2916
8415,0.2916
8420,0.2916
8425,0.2916
8430,0.2916
8435,0.2916
8440,0.2916
8445,0.2916
8450,0.2916
8455,0.2916
8460,0.2916
8465,0.2916
8470,0.2916
8475,0.2916
8480,0.2916
8485,0.2916
8490,0.2916
8495,0.2916
8500,0.2916
8505,0.2916
8510,0.2916
8515,0.2916
8520,0.2916
8525,0.2916
8530,0.2916
8535,0.2916
8540,0.2916
8545,0.2916
8550,0.2916
8555,0.2916
8560,0.2916
8565,0.2916
8570,0.2916
8575,0.2916
8580,0.2916
8585,0.2916
8590,0.2916
8595,0.2916
8600,0.2916
8605,0.2916
8610,0.2916
8615,0.2916
8620,0.2916
8625,0.2916
8630,0.2916
8635,0.2916
8640,0.2916
8645,0.2916
8650,0.2916
8655,0.2916
8660,0.2916
8665,0.2916
8670,0.2916
8675,0.2916
8680,0.2916
8685,0.2916
8690,0.2916
8695,0.2916
8700,0.2916
8705,0.2916
8710,0.2916
8715,0.2916
8720,0.2916
8725,0.2916
8730,0.2916
8735,0.2916
8740,0.2916
8745,0.2916
8750,0.2916
8755,0.2916
8760,0.2916
8765,0.2916
8770,0.2916
8775,0.2916
8780,0.2916
8785,0.2916
8790,0.2916
8795,0.2916
8800,0.2916
8805,0.2916
8810,0.2916
8815,0.2916
8820,0.2916
8825,0.2916
8830,0.2916
8835,0.2916
8840,0.2916
8845,0.2916
8850,0.2916
8855,0.2916
8860,0.2916
8865,0.2916
8870,0.2916
8875,0.2916
8880,0.2916
8885,0.2916
8890,0.2916
8895,0.2916
8900,0.2916
8905,0.2916
8910,0.2916
8915,0.2916
8920,0.2916
8925,0.2916
8930,0.2916
8935,0.2916
8940,0.2916
8945,0.2916
8950,0.2916
8955,0.2916
8960,0.2916
8965,0.2916
8970,0.2916
8975,0.2916
8980,0.2916
8985,0.2916
8990,0.2916
8995,0.2916
9000,0.2916
9005,0.2916
9010,0.2916
9015,0.2916
9020,0.2916
9025,0.2916
9030,0.2916
9035,0.2916
9040,0.2916
9045,0.2916
9050,0.2916
9055,0.2916
9060,0.2916
9065,0.2916
9070,0.2916
9075,0.2916
9080,0.2916
9085,0.2916
9090,0.2916
9095,0.2916
9100,0.2916
9105,0.2916
9110,0.2916
9115,0.2916
9120,0.2916
9125,0.2916
9130,0.2916
9135,0.2916
9140,0.2916
9145,0.2916
9150,0.2916
9155,0.2916
9160,0.2916
9165,0.2916
9170,0.2916
9175,0.2916
9180,0.2916
9185,0.2916
9190,0.2916
9195,0.2916
9200,0.2916
9205,0.2916
9210,0.2916
9215,0.2916
9220,0.2916
9225,0.2916
9230,0.2916
9235,0.2916
9240,0.2916
9245,0.2916
9250,0.2916
9255,0.2916
9260,0.2916
9265,0.2916
9270,0.2916
9275,0.2916
9280,0.2916
9285,0.2916
9290,0.2916
9295,0.2916
9300,0.2916
9305,0.2916
9310,0.2916
9315,0.2916
9320,0.2916
9325,0.2916
9330,0.2916
9335,0.2916
9340,0.2916
9345,0.2916
9350,0.2916
9355,0.2916
9360,0.2916
9365,0.2916
9370,0.2916
9375,0.2916
9380,0.2916
9385,0.2916
9390,0.2916
9395,0.2916
9400,0.2916
9405,0.2916
9410,0.2916
9415,0.2916
9420,0.2916
9425,0.2916
9430,0.2916
9435,0.2916
9440,0.2916
9445,0.2916
9450,0.2916
9455,0.2916
9460,0.2916
9465,0.2916
9470,0.2916
9475,0.2916
9480,0.2916
9485,0.2916
9490,0.2916
9495,0.2916
9500,0.2916
9505,0.2916
9510,0.2916
9515,0.2916
9520,0.2916
9525,0.2916
9530,0.2916
9535,0.2916
9540,0.2916
9545,0.2916
9550,0.2916
9555,0.2916
9560,0.2916
9565,0.2916
9570,0.2916
9575,0.2916
9580,0.2916
9585,0.2916
9590,0.2916
9595,0.2916
9600,0.2916
9605,0.2916
9610,0.2916
9615,0.2916
9620,0.2916
9625,0.2916
9630,0.2916
9635,0.2916
9640,0.2916
9645,0.2916
9650,0.2916
9655,0.2916
9660,0.2916
9665,0.2916
9670,0.2916
9675,0.2916
9680,0.2916
9685,0.2916
9690,0.2916
9695,0.2916
9700,0.2916
9705,0.2916
9710,0.2916
9715,0.2916
9720,0.2916
9725,0.2916
9730,0.2916
9735,0.2916
9740,0.2916
9745,0.2916
9750,0.2916
9755,0.2916
9760,0.2916
9765,0.2916
9770,0.2916
9775,0.2916
9780,0.2916
9785,0.2916
9790,0.2916
9795,0.2916
9800,0.2916
9805,0.2916
9810,0.2916
9815,0.2916
9820,0.2916
9825,0.2916
9830,0.2916
9835,0.2916
9840,0.2916
9845,0.2916
9850,0.2916
9855,0.2916
9860,0.2916
9865,0.2916
9870,0.2916
9875,0.2916
9880,0.2916
9885,0.2916
9890,0.2916
9895,0.2916
9900,0.2916
9905,0.2916
9910,0.2916
9915,0.2916
9920,0.2916
9925,0.2916
9930,0.2916
9935,0.2916
9940,0.2916
9945,0.2916
9950,0.2916
9955,0.2916
9960,0.2916
9965,0.2916
9970,0.2916
9975,0.2916
9980,0.2916
9985,0.2916
9990,0.2916
9995,0.2916
10000,0.2916
10005,0.2916
10010,0.2916
10015,0.2916
10020,0.2916
10025,0.2916
10030,0.2916
10035,0.2916
10040,0.2916
10045,0.2916
10050,0.2916
10055,0.2916
10060,0.2916
10065,0.2916
10070,0.2916
10075,0.2916
10080,0.2916
10085,0.2916
10090,0.2916
10095,0.2916
10100,0.2916
10105,0.2916
10110,0.2916
10115,0.2916
10120,0.2916
10125,0.2916
10130,0.2916
10135,0.2916
10140,0.2916
10145,0.2916
10150,0.2916
10155,0.2916
10160,0.2916
10165,0.2916
10170,0.2916
10175,0.2916
10180,0.2916
10185,0.2916
10190,0.2916
10195,0.2916
10200,0.2916
10205,0.2916
10210,0.2916
10215,0.2916
10220,0.2916
10225,0.2916
10230,0.2916
10235,0.2916
10240,0.2916
10245,0.2916
10250,0.2916
10255,0.2916
10260,0.2916
10265,0.2916
10270,0.2916
10275,0.2916
10280,0.2916
10285,0.2916
10290,0.2916
10295,0.2916
10300,0.2916
10305,0.2916
10310,0.2916
10315,0.2916
10320,0.2916
10325,0.2916
10330,0.2916
10335,0.2916
10340,0.2916
10345,0.2916
10350,0.2916
10355,0.2916
10360,0.2916
10365,0.2916
10370,0.2916
10375,0.2916
10380,0.2916
10385,0.2916
10390,0.2916
10395,0.2916
10400,0.2916
10405,0.2916
10410,0.2916
10415,0.2916
10420,0.2916
10425,0.2916
10430,0.2916
10435,0.2916
10440,0.2916
10445,0.2916
10450,0.2916
10455,0.2916
10460,0.2916
10465,0.2916
10470,0.2916
10475,0.2916
10480,0.2916
10485,0.2916
10490,0.2916
10495,0.2916
10500,0.2916
10505,0.2916
10510,0.2916
10515,0.2916
10520,0.2916
10525,0.2916
10530,0.2916
10535,0.2916
10540,0.2916
10545,0.2916
10550,0.2916
10555,0.2916
10560,0.2916
10565,0.2916
10570,0.2916
10575,0.2916
10580,0.2916
10585,0.2916
10590,0.2916
10595,0.2916
10600,0.2916
10605,0.2916
10610,0.2916
10615,0.2916
10620,0.2916
10625,0.2916
10630,0.2916
10635,0.2916
10640,0.2916
10645,0.2916
10650,0.2916
10655,0.2916
10660,0.2916
10665,0.2916
10670,0.2916
10675,0.2916
10680,0.2916
10685,0.2916
10690,0.2916
10695,0.2916
10700,0.2916
10705,0.2916
10710,0.2916
10715,0.2916
10720,0.2916
10725,0.2916
10730,0.2916
10735,0.2916
10740,0.2916
10745,0.2916
10750,0.2916
10755,0.2916
10760,0.2916
10765,0.2916
10770,0.2916
10775,0.2916
10780,0.2916
10785,0.2916
10790,0.2916
10795,0.2916
10800,0.2916
10805,0.2916
10810,0.2916
10815,0.2916
10820,0.2916
10825,0.2916
10830,0.2916
10835,0.2916
10840,0.2916
10845,0.2916
10850,0.2916
10855,0.2916
10860,0.2916
10865,0.2916
10870,0.2916
10875,0.2916
10880,0.2916
10885,0.2916
10890,0.2916
10895,0.2916
10900,0.2916
10905,0.2916
10910,0.2916
10915,0.2916
10920,0.2916
10925,0.2916
10930,0.2916
10935,0.2916
10940,0.2916
10945,0.2916
10950,0.2916
10955,0.2916
10960,0.2916
10965,0.2916
10970,0.2916
10975,0.2916
10980,0.2916
10985,0.2916
10990,0.2916
10995,0.2916
11000,0.2916
11005,0.2916
11010,0.2916
11015,0.2916
11020,0.2916
11025,0.2916
11030,0.2916
11035,0.2916
11040,0.2916
11045,0.2916
11050,0.2916
11055,0.2916
11060,0.2916
11065,0.2916
11070,0.2916
11075,0.2916
11080,0.2916
11085,0.2916
11090,0.2916
11095,0.2916
11100,0.2916
11105,0.2916
11110,0.2916
11115,0.2916
11120,0.2916
11125,0.2916
11130,0.2916
11135,0.2916
11140,0.2916
11145,0.2916
11150,0.2916
11155,0.2916
11160,0.2916
11165,0.2916
11170,0.2916
11175,0.2916
11180,0.2916
11185,0.2916
11190,0.2916
11195,0.2916
11200,0.2916
11205,0.2916
11210,0.2916
11215,0.2916
11220,0.2916
11225,0.2916
11230,0.2916
11235,0.2916
11240,0.2916
11245,0.2916
11250,0.2916
11255,0.2916
11260,0.2916
11265,0.2916
11270,0.2916
11275,0.2916
11280,0.2916
11285,0.2916
11290,0.2916
11295,0.2916
11300,0.2916
11305,0.2916
11310,0.2916
11315,0.2916
11320,0.2916
11325,0.2916
11330,0.2916
11335,0.2916
11340,0.2916
11345,0.2916
11350,0.2916
11355,0.2916
11360,0.2916
11365,0.2916
11370,0.2916
11375,0.2916
11380,0.2916
11385,0.2916
11390,0.2916
11395,0.2916
11400,0.2916
11405,0.2916
11410,0.2916
11415,0.2916
11420,0.2916
11425,0.2916
11430,0.2916
11435,0.2916
11440,0.2916
11445,0.2916
11450,0.2916
11455,0.2916
11460,0.2916
11465,0.2916
11470,0.2916
11475,0.2916
11480,0.2916
11485,0.2916
11490,0.2916
11495,0.2916
11500,0.2916
11505,0.2916
11510,0.2916
11515,0.2916
11520,0.2916
11525,0.2916
11530,0.2916
11535,0.2916
11540,0.2916
11545,0.2916
11550,0.2916
11555,0.2916
11560,0.2916
11565,0.2916
11570,0.2916
11575,0.2916
11580,0.2916
11585,0.2916
11590,0.2916
11595,0.2916
11600,0.2916
11605,0.2916
11610,0.2916
11615,0.2916
11620,0.2916
11625,0.2916
11630,0.2916
11635,0.2916
11640,0.2916
11645,0.2916
11650,0.2916
11655,0.2916
11660,0.2916
11665,0.2916
11670,0.2916
11675,0.2916
11680,0.2916
11685,0.2916
11690,0.2916
11695,0.2916
11700,0.2916
11705,0.2916
11710,0.2916
11715,0.2916
11720,0.2916
11725,0.2916
11730,0.2916
11735,0.2916
11740,0.2916
11745,0.2916
11750,0.2916
11755,0.2916
11760,0.2916
11765,0.2916
11770,0.2916
11775,0.2916
11780,0.2916
11785,0.2916
11790,0.2916
11795,0.2916
11800,0.2916
11805,0.2916
11810,0.2916
11815,0.2916
11820,0.2916
11825,0.2916
11830,0.2916
11835,0.2916
11840,0.2916
11845,0.2916
11850,0.2916
11855,0.2916
11860,0.2916
11865,0.2916
11870,0.2916
11875,0.2916
11880,0.2916
11885,0.2916
11890,0.2916
11895,0.2916
11900,0.2916
11905,0.2916
11910,0.2916
11915,0.2916
11920,0.2916
11925,0.2916
11930,0.2916
11935,0.2916
11940,0.2916
11945,0.2916
11950,0.2916
11955,0.2916
11960,0.2916
11965,0.2916
11970,0.2916
11975,0.2916
11980,0.2916
11985,0.2916
11990,0.2916
11995,0.2916
12000,0.2916
12005,0.2916
12010,0.2916
12015,0.2916
12020,0.2916
12025,0.2916
12030,0.2916
12035,0.2916
12040,0.2916
12045,0.2916
12050,0.2916
12055,0.2916
12060,0.2916
12065,0.2916
12070,0.2916
12075,0.2916
12080,0.2916
12085,0.2916
12090,0.2916
12095,0.2916
12100,0.2916
12105,0.2916
12110,0.2916
12115,0.2916
12120,0.2916
12125,0.2916
12130,0.2916
12135,0.2916
12140,0.2916
12145,0.2916
12150,0.2916
12155,0.2916
12160,0.2916
12165,0.2916
12170,0.2916
12175,0.2916
12180,0.2916
12185,0.2916
12190,0.2916
12195,0.2916
12200,0.2916
12205,0.2916
12210,0.2916
12215,0.2916
12220,0.2916
12225,0.2916
12230,0.2916
12235,0.2916
12240,0.2916
12245,0.2916
12250,0.2916
12255,0.2916
12260,0.2916
12265,0.2916
12270,0.2916
12275,0.2916
12280,0.2916
12285,0.2916
12290,0.2916
12295,0.2916
12300,0.2916
12305,0.2916
12310,0.2916
12315,0.2916
12320,0.2916
12325,0.2916
12330,0.2916
12335,0.2916
12340,0.2916
12345,0.2916
12350,0.2916
12355,0.2916
12360,0.2916
12365,0.2916
12370,0.2916
12375,0.2916
12380,0.2916
12385,0.2916
12390,0.2916
12395,0.2916
12400,0.2916
12405,0.2916
12410,0.2916
12415,0.2916
12420,0.2916
12425,0.2916
12430,0.2916
12435,0.2916
12440,0.2916
12445,0.2916
12450,0.2916
12455,0.2916
12460,0.2916
12465,0.2916
12470,0.2916
12475,0.2916
12480,0.2916
12485,0.2916
12490,0.2916
12495,0.2916
12500,0.2916
12505,0.2916
12510,0.2916
12515,0.2916
12520,0.2916
12525,0.2916
12530,0.2916
12535,0.2916
12540,0.2916
12545,0.2916
12550,0.2916
12555,0.2916
12560,0.2916
12565,0.2916
12570,0.2916
12575,0.2916
12580,0.2916
12585,0.2916
12590,0.2916
12595,0.2916
12600,0.2916
12605,0.2916
12610,0.2916
12615,0.2916
12620,0.2916
12625,0.2916
12630,0.2916
12635,0.2916
12640,0.2916
12645,0.2916
12650,0.2916
12655,0.2916
12660,0.2916
12665,0.2916
12670,0.2916
12675,0.2916
12680,0.2916
12685,0.2916
12690,0.2916
12695,0.2916
12700,0.2916
12705,0.2916
12710,0.2916
12715,0.2916
12720,0.2916
12725,0.2916
12730,0.2916
12735,0.2916
12740,0.2916
12745,0.2916
12750,0.2916
12755,0.2916
12760,0.2916
12765,0.2916
12770,0.2916
12775,0.2916
12780,0.2916
12785,0.2916
12790,0.2916
12795,0.2916
12800,0.2916
12805,0.2916
12810,0.2916
12815,0.2916
12820,0.2916
12825,0.2916
12830,0.2916
12835,0.2916
12840,0.2916
12845,0.2916
12850,0.2916
12855,0.2916
12860,0.2916
12865,0.2916
12870,0.2916
12875,0.2916
12880,0.2916
12885,0.2916
12890,0.2916
12895,0.2916
12900,0.2916
12905,0.2916
12910,0.2916
12915,0.2916
12920,0.2916
12925,0.2916
12930,0.2916
12935,0.2916
12940,0.2916
12945,0.2916
12950,0.2916
12955,0.2916
12960,0.2916
12965,0.2916
12970,0.2916
12975,0.2916
12980,0.2916
12985,0.2916
12990,0.2916
12995,0.2916
13000,0.2916
13005,0.2916
13010,0.2916
13015,0.2916
13020,0.2916
13025,0.2916
13030,0.2916
13035,0.2916
13040,0.2916
13045,0.2916
13050,0.2916
13055,0.2916
13060,0.2916
13065,0.2916
13070,0.2916
13075,0.2916
13080,0.2916
13085,0.2916
13090,0.2916
13095,0.2916
13100,0.2916
13105,0.2916
13110,0.2916
13115,0.2916
13120,0.2916
13125,0.2916
13130,0.2916
13135,0.2916
13140,0.2916
13145,0.2916
13150,0.2916
13155,0.2916
13160,0.2916
13165,0.2916
13170,0.2916
13175,0.2916
13180,0.2916
13185,0.2916
13190,0.2916
13195,0.2916
13200,0.2916
13205,0.2916
13210,0.2916
13215,0.2916
13220,0.2916
13225,0.2916
13230,0.2916
13235,0.2916
13240,0.2916
13245,0.2916
13250,0.2916
13255,0.2916
13260,0.2916
13265,0.2916
13270,0.2916
13275,0.2916
13280,0.2916
13285,0.2916
13290,0.2916
13295,0.2916
13300,0.2916
13305,0.2916
13310,0.2916
13315,0.2916
13320,0.2916
13325,0.2916
13330,0.2916
13335,0.2916
13340,0.2916
13345,0.2916
13350,0.2916
13355,0.2916
13360,0.2916
13365,0.2916
13370,0.2916
13375,0.2916
13380,0.2916
13385,0.2916
13390,0.2916
13395,0.2916
13400,0.2916
13405,0.2916
13410,0.2916
13415,0.2916
13420,0.2916
13425,0.2916
13430,0.2916
13435,0.2916
13440,0.2916
13445,0.2916
13450,0.2916
13455,0.2916
13460,0.2916
13465,0.2916
13470,0.2916
13475,0.2916
13480,0.2916
13485,0.2916
13490,0.2916
13495,0.2916
13500,0.2916
13505,0.2916
13510,0.2916
13515,0.2916
13520,0.2916
13525,0.2916
13530,0.2916
13535,0.2916
13540,0.2916
13545,0.2916
13550,0.2916
13555,0.2916
13560,0.2916
13565,0.2916
13570,0.2916
13575,0.2916
13580,0.2916
13585,0.2916
13590,0.2916
13595,0.2916
13600,0.2916
13605,0.2916
13610,0.2916
13615,0.2916
13620,0.2916
13625,0.2916
13630,0.2916
13635,0.2916
13640,0.2916
13645,0.2916
13650,0.2916
13655,0.2916
13660,0.2916
13665,0.2916
13670,0.2916
13675,0.2916
13680,0.2916
13685,0.2916
13690,0.2916
13695,0.2916
13700,0.2916
13705,0.2916
13710,0.2916
13715,0.2916
13720,0.2916
13725,0.2916
13730,0.2916
13735,0.2916
13740,0.2916
13745,0.2916
13750,0.2916
13755,0.2916
13760,0.2916
13765,0.2916
13770,0.2916
13775,0.2916
13780,0.2916
13785,0.2916
13790,0.2916
13795,0.2916
13800,0.2916
13805,0.2916
13810,0.2916
13815,0.2916
13820,0.2916
13825,0.2916
13830,0.2916
13835,0.2916
13840,0.2916
13845,0.2916
13850,0.2916
13855,0.2916
13860,0.2916
13865,0.2916
13870,0.2916
13875,0.2916
13880,0.2916
13885,0.2916
13890,0.2916
13895,0.2916
13900,0.2916
13905,0.2916
13910,0.2916
13915,0.2916
13920,0.2916
13925,0.2916
13930,0.2916
13935,0.2916
13940,0.2916
13945,0.2916
13950,0.2916
13955,0.2916
13960,0.2916
13965,0.2916
13970,0.2916
13975,0.2916
13980,0.2916
13985,0.2916
13990,0.2916
13995,0.2916
14000,0.2916
14005,0.2916
14010,0.2916
14015,0.2916
14020,0.2916
14025,0.2916
14030,0.2916
14035,0.2916
14040,0.2916
14045,0.2916
14050,0.2916
14055,0.2916
14060,0.2916
14065,0.2916
14070,0.2916
14075,0.2916
14080,0.2916
14085,0.2916
14090,0.2916
14095,0.2916
14100,0.2916
14105,0.2916
14110,0.2916
14115,0.2916
14120,0.2916
14125,0.2916
14130,0.2916
14135,0.2916
14140,0.2916
14145,0.2916
14150,0.2916
14155,0.2916
14160,0.2916
14165,0.2916
14170,0.2916
14175,0.2916
14180,0.2916
14185,0.2916
14190,0.2916
14195,0.2916
14200,0.2916
14205,0.2916
14210,0.2916
14215,0.2916
14220,0.2916
14225,0.2916
14230,0.2916
14235,0.2916
14240,0.2916
14245,0.2916
14250,0.2916
14255,0.2916
14260,0.2916
14265,0.2916
14270,0.2916
14275,0.2916
14280,0.2916
14285,0.2916
14290,0.2916
14295,0.2916
14300,0.2916
14305,0.2916
14310,0.2916
14315,0.2916
14320,0.2916
14325,0.2916
14330,0.2916
14335,0.2916
14340,0.2916
14345,0.2916
14350,0.2916
14355,0.2916
14360,0.2916
14365,0.2916
14370,0.2916
14375,0.2916
14380,0.2916
14385,0.2916
14390,0.2916
14395,0.2916
14400,0.2916
14405,0.2916
14410,0.2916
14415,0.2916
14420,0.2916
14425,0.2916
14430,0.2916
14435,0.2916
14440,0.2916
14445,0.2916
14450,0.2916
14455,0.2916
14460,0.2916
14465,0.2916
14470,0.2916
14475,0.2916
14480,0.2916
14485,0.2916
14490,0.2916
14495,0.2916
14500,0.2916
14505,0.2916
14510,0.2916
14515,0.2916
14520,0.2916
14525,0.2916
14530,0.2916
14535,0.2916
14540,0.2916
14545,0.2916
14550,0.2916
14555,0.2916
14560,0.2916
14565,0.2916
14570,0.2916
14575,0.2916
14580,0.2916
14585,0.2916
14590,0.2916
14595,0.2916
14600,0.2916
14605,0.2916
14610,0.2916
14615,0.2916
14620,0.2916
14625,0.2916
14630,0.2916
14635,0.2916
14640,0.2916
14645,0.2916
14650,0.2916
14655,0.2916
14660,0.2916
14665,0.2916
14670,0.2916
14675,0.2916
14680,0.2916
14685,0.2916
14690,0.2916
14695,0.2916
14700,0.2916
14705,0.2916
14710,0.2916
14715,0.2916
14720,0.2916
14725,0.2916
14730,0.2916
14735,0.2916
14740,0.2916
14745,0.2916
14750,0.2916
14755,0.2916
14760,0.2916
14765,0.2916
14770,0.2916
14775,0.2916
14780,0.2916
14785,0.2916
14790,0.2916
14795,0.2916
14800,0.2916
14805,0.2916
14810,0.2916
14815,0.2916
14820,0.2916
14825,0.2916
14830,0.2916
14835,0.2916
14840,0.2916
14845,0.2916
14850,0.2916
14855,0.2916
14860,0.2916
14865,0.2916
14870,0.2916
14875,0.2916
14880,0.2916
14885,0.2916
14890,0.2916
14895,0.2916
14900,0.2916
14905,0.2916
14910,0.2916
14915,0.2916
14920,0.2916
14925,0.2916
14930,0.2916
14935,0.2916
14940,0.2916
14945,0.2916
14950,0.2916
14955,0.2916
14960,0.2916
14965,0.2916
14970,0.2916
14975,0.2916
14980,0.2916
14985,0.2916
14990,0.2916
14995,0.2916
15000,0.2916
15005,0.2916
15010,0.2916
15015,0.2916
15020,0.2916
15025,0.2916
15030,0.2916
15035,0.2916
15040,0.2916
15045,0.2916
15050,0.2916
15055,0.2916
15060,0.2916
15065,0.2916
15070,0.2916
15075,0.2916
15080,0.2916
15085,0.2916
15090,0.2916
15095,0.2916
15100,0.2916
15105,0.2916
15110,0.2916
15115,0.2916
15120,0.2916
15125,0.2916
15130,0.2916
15135,0.2916
15140,0.2916
15145,0.2916
15150,0.2916
15155,0.2916
15160,0.2916
15165,0.2916
15170,0.2916
15175,0.2916
15180,0.2916
15185,0.2916
15190,0.2916
15195,0.2916
15200,0.2916
15205,0.2916
15210,0.2916
15215,0.2916
15220,0.2916
15225,0.2916
15230,0.2916
15235,0.2916
15240,0.2916
15245,0.2916
15250,0.2916
15255,0.2916
15260,0.2916
15265,0.2916
15270,0.2916
15275,0.2916
15280,0.2916
15285,0.2916
15290,0.2916
15295,0.2916
15300,0.2916
15305,0.2916
15310,0.2916
15315,0.2916
15320,0.2916
15325,0.2916
15330,0.2916
15335,0.2916
15340,0.2916
15345,0.2916
15350,0.2916
15355,0.2916
15360,0.2916
15365,0.2916
15370,0.2916
15375,0.2916
15380,0.2916
15385,0.2916
15390,0.2916
15395,0.2916
15400,0.2916
15405,0.2916
15410,0.2916
15415,0.2916
15420,0.2916
15425,0.2916
15430,0.2916
15435,0.2916
15440,0.2916
15445,0.2916
15450,0.2916
15455,0.2916
15460,0.2916
15465,0.2916
15470,0.2916
15475,0.2916
15480,0.2916
15485,0.2916
15490,0.2916
15495,0.2916
15500,0.2916
15505,0.2916
15510,0.2916
15515,0.2916
15520,0.2916
15525,0.2916
15530,0.2916
15535,0.2916
15540,0.2916
15545,0.2916
15550,0.2916
15555,0.2916
15560,0.2916
15565,0.2916
15570,0.2916
15575,0.2916
15580,0.2916
15585,0.2916
15590,0.2916
15595,0.2916
15600,0.2916
15605,0.2916
15610,0.2916
15615,0.2916
15620,0.2916
15625,0.2916
15630,0.2916
15635,0.2916
15640,0.2916
15645,0.2916
15650,0.2916
15655,0.2916
15660,0.2916
15665,0.2916
15670,0.2916
15675,0.2916
15680,0.2916
15685,0.2916
15690,0.2916
15695,0.2916
15700,0.2916
15705,0.2916
15710,0.2916
15715,0.2916
15720,0.2916
15725,0.2916
15730,0.2916
15735,0.2916
15740,0.2916
15745,0.2916
15750,0.2916
15755,0.2916
15760,0.2916
15765,0.2916
15770,0.2916
15775,0.2916
15780,0.2916
15785,0.2916
15790,0.2916
15795,0.2916
15800,0.2916
15805,0.2916
15810,0.2916
15815,0.2916
15820,0.2916
15825,0.2916
15830,0.2916
15835,0.2916
15840,0.2916
15845,0.2916
15850,0.2916
15855,0.2916
15860,0.2916
15865,0.2916
15870,0.2916
15875,0.2916
15880,0.2916
15885,0.2916
15890,0.2916
15895,0.2916
15900,0.2916
15905,0.2916
15910,0.2916
15915,0.2916
15920,0.2916
15925,0.2916
15930,0.2916
15935,0.2916
15940,0.2916
15945,0.2916
15950,0.2916
15955,0.2916
15960,0.2916
15965,0.2916
15970,0.2916
15975,0.2916
15980,0.2916
15985,0.2916
15990,0.2916
15995,0.2916
16000,0.2916
16005,0.2916
16010,0.2916
16015,0.2916
16020,0.2916
16025,0.2916
16030,0.2916
16035,0.2916
16040,0.2916
16045,0.2916
16050,0.2916
16055,0.2916
16060,0.2916
16065,0.2916
16070,0.2916
16075,0.2916
16080,0.2916
16085,0.2916
16090,0.2916
16095,0.2916
16100,0.2916
16105,0.2916
16110,0.2916
16115,0.2916
16120,0.2916
16125,0.2916
16130,0.2916
16135,0.2916
16140,0.2916
16145,0.2916
16150,0.2916
16155,0.2916
16160,0.2916
16165,0.2916
16170,0.2916
16175,0.2916
16180,0.2916
16185,0.2916
16190,0.2916
16195,0.2916
16200,0.2916
16205,0.2916
16210,0.2916
16215,0.2916
16220,0.2916
16225,0.2916
16230,0.2916
16235,0.2916
16240,0.2916
16245,0.2916
16250,0.2916
16255,0.2916
16260,0.2916
16265,0.2916
16270,0.2916
16275,0.2916
16280,0.2916
16285,0.2916
16290,0.2916
16295,0.2916
16300,0.2916
16305,0.2916
16310,0.2916
16315,0.2916
16320,0.2916
16325,0.2916
16330,0.2916
16335,0.2916
16340,0.2916
16345,0.2916
16350,0.2916
16355,0.2916
16360,0.2916
16365,0.2916
16370,0.2916
16375,0.2916
16380,0.2916
16385,0.2916
16390,0.2916
16395,0.2916
16400,0.2916
16405,0.2916
16410,0.2916
16415,0.2916
16420,0.2916
16425,0.2916
16430,0.2916
16435,0.2916
16440,0.2916
16445,0.2916
16450,0.2916
16455,0.2916
16460,0.2916
16465,0.2916
16470,0.2916
16475,0.2916
16480,0.2916
16485,0.2916
16490,0.2916
16495,0.2916
16500,0.2916
16505,0.2916
16510,0.2916
16515,0.2916
16520,0.2916
16525,0.2916
16530,0.2916
16535,0.2916
16540,0.2916
16545,0.2916
16550,0.2916
16555,0.2916
16560,0.2916
16565,0.2916
16570,0.2916
16575,0.2916
16580,0.2916
16585,0.2916
16590,0.2916
16595,0.2916
16600,0.2916
16605,0.2916
16610,0.2916
16615,0.2916
16620,0.2916
16625,0.2916
16630,0.2916
16635,0.2916
16640,0.2916
16645,0.2916
16650,0.2916
16655,0.2916
16660,0.2916
16665,0.2916
16670,0.2916
16675,0.2916
16680,0.2916
16685,0.2916
16690,0.2916
16695,0.2916
16700,0.2916
16705,0.2916
16710,0.2916
16715,0.2916
16720,0.2916
16725,0.2916
16730,0.2916
16735,0.2916
16740,0.2916
16745,0.2916
16750,0.2916
16755,0.2916
16760,0.2916
16765,0.2916
16770,0.2916
16775,0.2916
16780,0.2916
16785,0.2916
16790,0.2916
16795,0.2916
16800,0.2916
16805,0.2916
16810,0.2916
16815,0.2916
16820,0.2916
16825,0.2916
16830,0.2916
16835,0.2916
16840,0.2916
16845,0.2916
16850,0.2916
16855,0.2916
16860,0.2916
16865,0.2916
16870,0.2916
16875,0.2916
16880,0.2916
16885,0.2916
16890,0.2916
16895,0.2916
16900,0.2916
16905,0.2916
16910,0.2916
16915,0.2916
16920,0.2916
16925,0.2916
16930,0.2916
16935,0.2916
16940,0.2916
16945,0.2916
16950,0.2916
16955,0.2916
16960,0.2916
16965,0.2916
16970,0.2916
16975,0.2916
16980,0.2916
16985,0.2916
16990,0.2916
16995,0.2916
17000,0.2916
17005,0.2916
17010,0.2916
17015,0.2916
17020,0.2916
17025,0.2916
17030,0.2916
17035,0.2916
17040,0.2916
17045,0.2916
17050,0.2916
17055,0.2916
17060,0.2916
17065,0.2916
17070,0.2916
17075,0.2916
17080,0.2916
17085,0.2916
17090,0.2916
17095,0.2916
17100,0.2916
17105,0.2916
17110,0.2916
17115,0.2916
17120,0.2916
17125,0.2916
17130,0.2916
17135,0.2916
17140,0.2916
17145,0.2916
17150,0.2916
17155,0.2916
17160,0.2916
17165,0.2916
17170,0.2916
17175,0.2916
17180,0.2916
17185,0.2916
17190,0.2916
17195,0.2916
17200,0.2916
17205,0.2916
17210,0.2916
17215,0.2916
17220,0.2916
17225,0.2916
17230,0.2916
17235,0.2916
17240,0.2916
17245,0.2916
17250,0.2916
17255,0.2916
17260,0.2916
17265,0.2916
17270,0.2916
17275,0.2916
17280,0.2916
17285,0.2916
17290,0.2916
17295,0.2916
17300,0.2916
17305,0.2916
17310,0.2916
17315,0.2916
17320,0.2916
17325,0.2916
17330,0.2916
17335,0.2916
17340,0.2916
17345,0.2916
17350,0.2916
17355,0.2916
17360,0.2916
17365,0.2916
17370,0.2916
17375,0.2916
17380,0.2916
17385,0.2916
17390,0.2916
17395,0.2916
17400,0.2916
17405,0.2916
17410,0.2916
17415,0.2916
17420,0.2916
17425,0.2916
17430,0.2916
17435,0.2916
17440,0.2916
17445,0.2916
17450,0.2916
17455,0.2916
17460,0.2916
17465,0.2916
17470,0.2916
17475,0.2916
17480,0.2916
17485,0.2916
17490,0.2916
17495,0.2916
17500,0.2916
17505,0.2916
17510,0.2916
17515,0.2916
17520,0.2916
17525,0.2916
17530,0.2916
17535,0.2916
17540,0.2916
17545,0.2916
17550,0.2916
17555,0.2916
17560,0.2916
17565,0.2916
17570,0.2916
17575,0.2916
17580,0.2916
17585,0.2916
17590,0.2916
17595,0.2916
17600,0.2916
17605,0.2916
17610,0.2916
17615,0.2916
17620,0.2916
17625,0.2916
17630,0.2916
17635,0.2916
17640,0.2916
17645,0.2916
17650,0.2916
17655,0.2916
17660,0.2916
17665,0.2916
17670,0.2916
17675,0.2916
17680,0.2916
17685,0.2916
17690,0.2916
17695,0.2916
17700,0.2916
17705,0.2916
17710,0.2916
17715,0.2916
17720,0.2916
17725,0.2916
17730,0.2916
17735,0.2916
17740,0.2916
17745,0.2916
17750,0.2916
17755,0.2916
17760,0.2916
17765,0.2916
17770,0.2916
17775,0.2916
17780,0.2916
17785,0.2916
17790,0.2916
17795,0.2916
17800,0.2916
17805,0.2916
17810,0.2916
17815,0.2916
17820,0.2916
17825,0.2916
17830,0.2916
17835,0.2916
17840,0.2916
17845,0.2916
17850,0.2916
17855,0.2916
17860,0.2916
17865,0.2916
17870,0.2916
17875,0.2916
17880,0.2916
17885,0.2916
17890,0.2916
17895,0.2916
17900,0.2916
17905,0.2916
17910,0.2916
17915,0.2916
17920,0.2916
17925,0.2916
17930,0.2916
17935,0.2916
17940,0.2916
17945,0.2916
17950,0.2916
17955,0.2916
17960,0.2916
17965,0.2916
17970,0.2916
17975,0.2916
17980,0.2916
17985,0.2916
17990,0.2916
17995,0.2916
18000,0.2916
18005,0.2916
18010,0.2916
18015,0.2916
18020,0.2916
18025,0.2916
18030,0.2916
18035,0.2916
18040,0.2916
18045,0.2916
18050,0.2916
18055,0.2916
18060,0.2916
18065,0.2916
18070,0.2916
18075,0.2916
18080,0.2916
18085,0.2916
18090,0.2916
18095,0.2916
18100,0.2916
18105,0.2916
18110,0.2916
18115,0.2916
18120,0.2916
18125,0.2916
18130,0.2916
18135,0.2916
18140,0.2916
18145,0.2916
18150,0.2916
18155,0.2916
18160,0.2916
18165,0.2916
18170,0.2916
18175,0.2916
18180,0.2916
18185,0.2916
18190,0.2916
18195,0.2916
18200,0.2916
18205,0.2916
18210,0.2916
18215,0.2916
18220,0.2916
18225,0.2916
18230,0.2916
18235,0.2916
18240,0.2916
18245,0.2916
18250,0.2916
18255,0.2916
18260,0.2916
18265,0.2916
18270,0.2916
18275,0.2916
18280,0.2916
18285,0.2916
18290,0.2916
18295,0.2916
18300,0.2916
18305,0.2916
18310,0.2916
18315,0.2916
18320,0.2916
18325,0.2916
18330,0.2916
18335,0.2916
18340,0.2916
18345,0.2916
18350,0.2916
18355,0.2916
18360,0.2916
18365,0.2916
18370,0.2916
18375,0.2916
18380,0.2916
18385,0.2916
18390,0.2916
18395,0.2916
18400,0.2916
18405,0.2916
18410,0.2916
18415,0.2916
18420,0.2916
18425,0.2916
18430,0.2916
18435,0.2916
18440,0.2916
18445,0.2916
18450,0.2916
18455,0.2916
18460,0.2916
18465,0.2916
18470,0.2916
18475,0.2916
18480,0.2916
18485,0.2916
18490,0.2916
18495,0.2916
18500,0.2916
18505,0.2916
18510,0.2916
18515,0.2916
18520,0.2916
18525,0.2916
18530,0.2916
18535,0.2916
18540,0.2916
18545,0.2916
18550,0.2916
18555,0.2916
18560,0.2916
18565,0.2916
18570,0.2916
18575,0.2916
18580,0.2916
18585,0.2916
18590,0.2916
18595,0.2916
18600,0.2916
18605,0.2916
18610,0.2916
18615,0.2916
18620,0.2916
18625,0.2916
18630,0.2916
18635,0.2916
18640,0.2916
18645,0.2916
18650,0.2916
18655,0.2916
18660,0.2916
18665,0.2916
18670,0.2916
18675,0.2916
18680,0.2916
18685,0.2916
18690,0.2916
18695,0.2916
18700,0.2916
18705,0.2916
18710,0.2916
18715,0.2916
18720,0.2916
18725,0.2916
18730,0.2916
18735,0.2916
18740,0.2916
18745,0.2916
18750,0.2916
18755,0.2916
18760,0.2916
18765,0.2916
18770,0.2916
18775,0.2916
18780,0.2916
18785,0.2916
18790,0.2916
18795,0.2916
18800,0.2916
18805,0.2916
18810,0.2916
18815,0.2916
18820,0.2916
18825,0.2916
18830,0.2916
18835,0.2916
18840,0.2916
18845,0.2916
18850,0.2916
18855,0.2916
18860,0.2916
18865,0.2916
18870,0.2916
18875,0.2916
18880,0.2916
18885,0.2916
18890,0.2916
18895,0.2916
18900,0.2916
18905,0.2916
18910,0.2916
18915,0.2916
18920,0.2916
18925,0.2916
18930,0.2916
18935,0.2916
18940,0.2916
18945,0.2916
18950,0.2916
18955,0.2916
18960,0.2916
18965,0.2916
18970,0.2916
18975,0.2916
18980,0.2916
18985,0.2916
18990,0.2916
18995,0.2916
19000,0.2916
19005,0.2916
19010,0.2916
19015,0.2916
19020,0.2916
19025,0.2916
19030,0.2916
19035,0.2916
19040,0.2916
19045,0.2916
19050,0.2916
19055,0.2916
19060,0.2916
19065,0.2916
19070,0.2916
19075,0.2916
19080,0.2916
19085,0.2916
19090,0.2916
19095,0.2916
19100,0.2916
19105,0.2916
19110,0.2916
19115,0.2916
19120,0.2916
19125,0.2916
19130,0.2916
19135,0.2916
19140,0.2916
19145,0.2916
19150,0.2916
19155,0.2916
19160,0.2916
19165,0.2916
19170,0.2916
19175,0.2916
19180,0.2916
19185,0.2916
19190,0.2916
19195,0.2916
19200,0.2916
19205,0.2916
19210,0.2916
19215,0.2916
19220,0.2916
19225,0.2916
19230,0.2916
19235,0.2916
19240,0.2916
19245,0.2916
19250,0.2916
19255,0.2916
19260,0.2916
19265,0.2916
19270,0.2916
19275,0.2916
19280,0.2916
19285,0.2916
19290,0.2916
19295,0.2916
19300,0.2916
19305,0.2916
19310,0.2916
19315,0.2916
19320,0.2916
19325,0.2916
19330,0.2916
19335,0.2916
19340,0.2916
19345,0.2916
19350,0.2916
19355,0.2916
19360,0.2916
19365,0.2916
19370,0.2916
19375,0.2916
19380,0.2916
19385,0.2916
19390,0.2916
19395,0.2916
19400,0.2916
19405,0.2916
19410,0.2916
19415,0.2916
19420,0.2916
19425,0.2916
19430,0.2916
19435,0.2916
19440,0.2916
19445,0.2916
19450,0.2916
19455,0.2916
19460,0.2916
19465,0.2916
19470,0.2916
19475,0.2916
19480,0.2916
19485,0.2916
19490,0.2916
19495,0.2916
19500,0.2916
19505,0.2916
19510,0.2916
19515,0.2916
19520,0.2916
19525,0.2916
19530,0.2916
19535,0.2916
19540,0.2916
19545,0.2916
19550,0.2916
19555,0.2916
19560,0.2916
19565,0.2916
19570,0.2916
19575,0.2916
19580,0.2916
19585,0.2916
19590,0.2916
19595,0.2916
19600,0.2916
19605,0.2916
19610,0.2916
19615,0.2916
19620,0.2916
19625,0.2916
19630,0.2916
19635,0.2916
19640,0.2916
19645,0.2916
19650,0.2916
19655,0.2916
19660,0.2916
19665,0.2916
19670,0.2916
19675,0.2916
19680,0.2916
19685,0.2916
19690,0.2916
19695,0.2916
19700,0.2916
19705,0.2916
19710,0.2916
19715,0.2916
19720,0.2916
19725,0.2916
19730,0.2916
19735,0.2916
19740,0.2916
19745,0.2916
19750,0.2916
19755,0.2916
19760,0.2916
19765,0.2916
19770,0.2916
19775,0.2916
19780,0.2916
19785,0.2916
19790,0.2916
19795,0.2916
19800,0.2916
19805,0.2916
19810,0.2916
19815,0.2916
19820,0.2916
19825,0.2916
19830,0.2916
19835,0.2916
19840,0.2916
19845,0.2916
19850,0.2916
19855,0.2916
19860,0.2916
19865,0.2916
19870,0.2916
19875,0.2916
19880,0.2916
19885,0.2916
19890,0.2916
19895,0.2916
19900,0.2916
19905,0.2916
19910,0.2916
19915,0.2916
19920,0.2916
19925,0.2916
19930,0.2916
19935,0.2916
19940,0.2916
19945,0.2916
19950,0.2916
19955,0.2916
19960,0.2916
19965,0.2916
19970,0.2916
19975,0.2916
19980,0.2916
19985,0.2916
19990,0.2916
19995,0.2916
20000,0.2916
20005,0.2916
20010,0.2916
20015,0.2916
20020,0.2916
20025,0.2916
20030,0.2916
20035,0.2916
20040,0.2916
20045,0.2916
20050,0.2916
20055,0.2916
20060,0.2916
20065,0.2916
20070,0.2916
20075,0.2916
20080,0.2916
20085,0.2916
20090,0.2916
20095,0.2916
20100,0.2916
20105,0.2916
20110,0.2916
20115,0.2916
20120,0.2916
20125,0.2916
20130,0.2916
20135,0.2916
20140,0.2916
20145,0.2916
20150,0.2916
20155,0.2916
20160,0.2916
20165,0.2916
20170,0.2916
20175,0.2916
20180,0.2916
20185,0.2916
20190,0.2916
20195,0.2916
20200,0.2916
20205,0.2916
20210,0.2916
20215,0.2916
20220,0.2916
20225,0.2916
20230,0.2916
20235,0.2916
20240,0.2916
20245,0.2916
20250,0.2916
20255,0.2916
20260,0.2916
20265,0.2916
20270,0.2916
20275,0.2916
20280,0.2916
20285,0.2916
20290,0.2916
20295,0.2916
20300,0.2916
20305,0.2916
20310,0.2916
20315,0.2916
20320,0.2916
20325,0.2916
20330,0.2916
20335,0.2916
20340,0.2916
20345,0.2916
20350,0.2916
20355,0.2916
20360,0.2916
20365,0.2916
20370,0.2916
20375,0.2916
20380,0.2916
20385,0.2916
20390,0.2916
20395,0.2916
20400,0.2916
20405,0.2916
20410,0.2916
20415,0.2916
20420,0.2916
20425,0.2916
20430,0.2916
20435,0.2916
20440,0.2916
20445,0.2916
20450,0.2916
20455,0.2916
20460,0.2916
20465,0.2916
20470,0.2916
20475,0.2916
20480,0.2916
20485,0.2916
20490,0.2916
20495,0.2916
20500,0.2916
20505,0.2916
20510,0.2916
20515,0.2916
20520,0.2916
20525,0.2916
20530,0.2916
20535,0.2916
20540,0.2916
20545,0.2916
20550,0.2916
20555,0.2916
20560,0.2916
20565,0.2916
20570,0.2916
20575,0.2916
20580,0.2916
20585,0.2916
20590,0.2916
20595,0.2916
20600,0.2916
20605,0.2916
20610,0.2916
20615,0.2916
20620,0.2916
20625,0.2916
20630,0.2916
20635,0.2916
20640,0.2916
20645,0.2916
20650,0.2916
20655,0.2916
20660,0.2916
20665,0.2916
20670,0.2916
20675,0.2916
20680,0.2916
20685,0.2916
20690,0.2916
20695,0.2916
20700,0.2916
20705,0.2916
20710,0.2916
20715,0.2916
20720,0.2916
20725,0.2916
20730,0.2916
20735,0.2916
20740,0.2916
20745,0.2916
20750,0.2916
20755,0.2916
20760,0.2916
20765,0.2916
20770,0.2916
20775,0.2916
20780,0.2916
20785,0.2916
20790,0.2916
20795,0.2916
20800,0.2916
20805,0.2916
20810,0.2916
20815,0.2916
20820,0.2916
20825,0.2916
20830,0.2916
20835,0.2916
20840,0.2916
20845,0.2916
20850,0.2916
20855,0.2916
20860,0.2916
20865,0.2916
20870,0.2916
20875,0.2916
20880,0.2916
20885,0.2916
20890,0.2916
20895,0.2916
20900,0.2916
20905,0.2916
20910,0.2916
20915,0.2916
20920,0.2916
20925,0.2916
20930,0.2916
20935,0.2916
20940,0.2916
20945,0.2916
20950,0.2916
20955,0.2916
20960,0.2916
20965,0.2916
20970,0.2916
20975,0.2916
20980,0.2916
20985,0.2916
20990,0.2916
20995,0.2916
21000,0.2916
21005,0.2916
21010,0.2916
21015,0.2916
21020,0.2916
21025,0.2916
21030,0.2916
21035,0.2916
21040,0.2916
21045,0.2916
21050,0.2916
21055,0.2916
21060,0.2916
21065,0.2916
21070,0.2916
21075,0.2916
21080,0.2916
21085,0.2916
21090,0.2916
21095,0.2916
21100,0.2916
21105,0.2916
21110,0.2916
21115,0.2916
21120,0.2916
21125,0.2916
21130,0.2916
21135,0.2916
21140,0.2916
21145,0.2916
21150,0.2916
21155,0.2916
21160,0.2916
21165,0.2916
21170,0.2916
21175,0.2916
21180,0.2916
21185,0.2916
21190,0.2916
21195,0.2916
21200,0.2916
21205,0.2916
21210,0.2916
21215,0.2916
21220,0.2916
21225,0.2916
21230,0.2916
21235,0.2916
21240,0.2916
21245,0.2916
21250,0.2916
21255,0.2916
21260,0.2916
21265,0.2916
21270,0.2916
21275