step_size,residual_node_ratio
5,0.1841
10,0.0738
15,0.0369
20,0.0244
25,0.021
30,0.0193
35,0.019
40,0.019
45,0.0189
50,0.0189
55,0.0189
60,0.0189
65,0.0189
70,0.0189
75,0.0189
80,0.0189
85,0.0189
90,0.0189
95,0.0189
100,0.0189
105,0.0189
110,0.0189
115,0.0189
120,0.0189
125,0.0189
130,0.0189
135,0.0189
140,0.0189
145,0.0189
150,0.0189
155,0.0189
160,0.0189
165,0.0189
170,0.0189
175,0.0189
180,0.0189
185,0.0189
190,0.0189
195,0.0189
200,0.0189
205,0.0189
210,0.0189
215,0.0189
220,0.0189
225,0.0189
230,0.0189
235,0.0189
240,0.0189
245,0.0189
250,0.0189
255,0.0189
260,0.0189
265,0.0189
270,0.0189
275,0.0189
280,0.0189
285,0.0189
290,0.0189
295,0.0189
300,0.0189
305,0.0189
310,0.0189
315,0.0189
320,0.0189
325,0.0189
330,0.0189
335,0.0189
340,0.0189
345,0.0189
350,0.0189
355,0.0189
360,0.0189
365,0.0189
370,0.0189
375,0.0189
380,0.0189
385,0.0189
390,0.0189
395,0.0189
400,0.0189
405,0.0189
410,0.0189
415,0.0189
420,0.0189
425,0.0189
430,0.0189
435,0.0189
440,0.0189
445,0.0189
450,0.0189
455,0.0189
460,0.0189
465,0.0189
470,0.0189
475,0.0189
480,0.0189
485,0.0189
490,0.0189
495,0.0189
500,0.0189
505,0.0189
510,0.0189
515,0.0189
520,0.0189
525,0.0189
530,0.0189
535,0.0189
540,0.0189
545,0.0189
550,0.0189
555,0.0189
560,0.0189
565,0.0189
570,0.0189
575,0.0189
580,0.0189
585,0.0189
590,0.0189
595,0.0189
600,0.0189
605,0.0189
610,0.0189
615,0.0189
620,0.0189
625,0.0189
630,0.0189
635,0.0189
640,0.0189
645,0.0189
650,0.0189
655,0.0189
660,0.0189
665,0.0189
670,0.0189
675,0.0189
680,0.0189
685,0.0189
690,0.0189
695,0.0189
700,0.0189
705,0.0189
710,0.0189
715,0.0189
720,0.0189
725,0.0189
730,0.0189
735,0.0189
740,0.0189
745,0.0189
750,0.0189
755,0.0189
760,0.0189
765,0.0189
770,0.0189
775,0.0189
780,0.0189
785,0.0189
790,0.0189
795,0.0189
800,0.0189
805,0.0189
810,0.0189
815,0.0189
820,0.0189
825,0.0189
830,0.0189
835,0.0189
840,0.0189
845,0.0189
850,0.0189
855,0.0189
860,0.0189
865,0.0189
870,0.0189
875,0.0189
880,0.0189
885,0.0189
890,0.0189
895,0.0189
900,0.0189
905,0.0189
910,0.0189
915,0.0189
920,0.0189
925,0.0189
930,0.0189
935,0.0189
940,0.0189
945,0.0189
950,0.0189
955,0.0189
960,0.0189
965,0.0189
970,0.0189
975,0.0189
980,0.0189
985,0.0189
990,0.0189
995,0.0189
1000,0.0189
1005,0.0189
1010,0.0189
1015,0.0189
1020,0.0189
1025,0.0189
1030,0.0189
1035,0.0189
1040,0.0189
1045,0.0189
1050,0.0189
1055,0.0189
1060,0.0189
1065,0.0189
1070,0.0189
1075,0.0189
1080,0.0189
1085,0.0189
1090,0.0189
1095,0.0189
1100,0.0189
1105,0.0189
1110,0.0189
1115,0.0189
1120,0.0189
1125,0.0189
1130,0.0189
1135,0.0189
1140,0.0189
1145,0.0189
1150,0.0189
1155,0.0189
1160,0.0189
1165,0.0189
1170,0.0189
1175,0.0189
1180,0.0189
1185,0.0189
1190,0.0189
1195,0.0189
1200,0.0189
1205,0.0189
1210,0.0189
1215,0.0189
1220,0.0189
1225,0.0189
1230,0.0189
1235,0.0189
1240,0.0189
1245,0.0189
1250,0.0189
1255,0.0189
1260,0.0189
1265,0.0189
1270,0.0189
1275,0.0189
1280,0.0189
1285,0.0189
1290,0.0189
1295,0.0189
1300,0.0189
1305,0.0189
1310,0.0189
1315,0.0189
1320,0.0189
1325,0.0189
1330,0.0189
1335,0.0189
1340,0.0189
1345,0.0189
1350,0.0189
1355,0.0189
1360,0.0189
1365,0.0189
1370,0.0189
1375,0.0189
1380,0.0189
1385,0.0189
1390,0.0189
1395,0.0189
1400,0.0189
1405,0.0189
1410,0.0189
1415,0.0189
1420,0.0189
1425,0.0189
1430,0.0189
1435,0.0189
1440,0.0189
1445,0.0189
1450,0.0189
1455,0.0189
1460,0.0189
1465,0.0189
1470,0.0189
1475,0.0189
1480,0.0189
1485,0.0189
1490,0.0189
1495,0.0189
1500,0.0189
1505,0.0189
1510,0.0189
1515,0.0189
1520,0.0189
1525,0.0189
1530,0.0189
1535,0.0189
1540,0.0189
1545,0.0189
1550,0.0189
1555,0.0189
1560,0.0189
1565,0.0189
1570,0.0189
1575,0.0189
1580,0.0189
1585,0.0189
1590,0.0189
1595,0.0189
1600,0.0189
1605,0.0189
1610,0.0189
1615,0.0189
1620,0.0189
1625,0.0189
1630,0.0189
1635,0.0189
1640,0.0189
1645,0.0189
1650,0.0189
1655,0.0189
1660,0.0189
1665,0.0189
1670,0.0189
1675,0.0189
1680,0.0189
1685,0.0189
1690,0.0189
1695,0.0189
1700,0.0189
1705,0.0189
1710,0.0189
1715,0.0189
1720,0.0189
1725,0.0189
1730,0.0189
1735,0.0189
1740,0.0189
1745,0.0189
1750,0.0189
1755,0.0189
1760,0.0189
1765,0.0189
1770,0.0189
1775,0.0189
1780,0.0189
1785,0.0189
1790,0.0189
1795,0.0189
1800,0.0189
1805,0.0189
1810,0.0189
1815,0.0189
1820,0.0189
1825,0.0189
1830,0.0189
1835,0.0189
1840,0.0189
1845,0.0189
1850,0.0189
1855,0.0189
1860,0.0189
1865,0.0189
1870,0.0189
1875,0.0189
1880,0.0189
1885,0.0189
1890,0.0189
1895,0.0189
1900,0.0189
1905,0.0189
1910,0.0189
1915,0.0189
1920,0.0189
1925,0.0189
1930,0.0189
1935,0.0189
1940,0.0189
1945,0.0189
1950,0.0189
1955,0.0189
1960,0.0189
1965,0.0189
1970,0.0189
1975,0.0189
1980,0.0189
1985,0.0189
1990,0.0189
1995,0.0189
2000,0.0189
2005,0.0189
2010,0.0189
2015,0.0189
2020,0.0189
2025,0.0189
2030,0.0189
2035,0.0189
2040,0.0189
2045,0.0189
2050,0.0189
2055,0.0189
2060,0.0189
2065,0.0189
2070,0.0189
2075,0.0189
2080,0.0189
2085,0.0189
2090,0.0189
2095,0.0189
2100,0.0189
2105,0.0189
2110,0.0189
2115,0.0189
2120,0.0189
2125,0.0189
2130,0.0189
2135,0.0189
2140,0.0189
2145,0.0189
2150,0.0189
2155,0.0189
2160,0.0189
2165,0.0189
2170,0.0189
2175,0.0189
2180,0.0189
2185,0.0189
2190,0.0189
2195,0.0189
2200,0.0189
2205,0.0189
2210,0.0189
2215,0.0189
2220,0.0189
2225,0.0189
2230,0.0189
2235,0.0189
2240,0.0189
2245,0.0189
2250,0.0189
2255,0.0189
2260,0.0189
2265,0.0189
2270,0.0189
2275,0.0189
2280,0.0189
2285,0.0189
2290,0.0189
2295,0.0189
2300,0.0189
2305,0.0189
2310,0.0189
2315,0.0189
2320,0.0189
2325,0.0189
2330,0.0189
2335,0.0189
2340,0.0189
2345,0.0189
2350,0.0189
2355,0.0189
2360,0.0189
2365,0.0189
2370,0.0189
2375,0.0189
2380,0.0189
2385,0.0189
2390,0.0189
2395,0.0189
2400,0.0189
2405,0.0189
2410,0.0189
2415,0.0189
2420,0.0189
2425,0.0189
2430,0.0189
2435,0.0189
2440,0.0189
2445,0.0189
2450,0.0189
2455,0.0189
2460,0.0189
2465,0.0189
2470,0.0189
2475,0.0189
2480,0.0189
2485,0.0189
2490,0.0189
2495,0.0189
2500,0.0189
2505,0.0189
2510,0.0189
2515,0.0189
2520,0.0189
2525,0.0189
2530,0.0189
2535,0.0189
2540,0.0189
2545,0.0189
2550,0.0189
2555,0.0189
2560,0.0189
2565,0.0189
2570,0.0189
2575,0.0189
2580,0.0189
2585,0.0189
2590,0.0189
2595,0.0189
2600,0.0189
2605,0.0189
2610,0.0189
2615,0.0189
2620,0.0189
2625,0.0189
2630,0.0189
2635,0.0189
2640,0.0189
2645,0.0189
2650,0.0189
2655,0.0189
2660,0.0189
2665,0.0189
2670,0.0189
2675,0.0189
2680,0.0189
2685,0.0189
2690,0.0189
2695,0.0189
2700,0.0189
2705,0.0189
2710,0.0189
2715,0.0189
2720,0.0189
2725,0.0189
2730,0.0189
2735,0.0189
2740,0.0189
2745,0.0189
2750,0.0189
2755,0.0189
2760,0.0189
2765,0.0189
2770,0.0189
2775,0.0189
2780,0.0189
2785,0.0189
2790,0.0189
2795,0.0189
2800,0.0189
2805,0.0189
2810,0.0189
2815,0.0189
2820,0.0189
2825,0.0189
2830,0.0189
2835,0.0189
2840,0.0189
2845,0.0189
2850,0.0189
2855,0.0189
2860,0.0189
2865,0.0189
2870,0.0189
2875,0.0189
2880,0.0189
2885,0.0189
2890,0.0189
2895,0.0189
2900,0.0189
2905,0.0189
2910,0.0189
2915,0.0189
2920,0.0189
2925,0.0189
2930,0.0189
2935,0.0189
2940,0.0189
2945,0.0189
2950,0.0189
2955,0.0189
2960,0.0189
2965,0.0189
2970,0.0189
2975,0.0189
2980,0.0189
2985,0.0189
2990,0.0189
2995,0.0189
3000,0.0189
3005,0.0189
3010,0.0189
3015,0.0189
3020,0.0189
3025,0.0189
3030,0.0189
3035,0.0189
3040,0.0189
3045,0.0189
3050,0.0189
3055,0.0189
3060,0.0189
3065,0.0189
3070,0.0189
3075,0.0189
3080,0.0189
3085,0.0189
3090,0.0189
3095,0.0189
3100,0.0189
3105,0.0189
3110,0.0189
3115,0.0189
3120,0.0189
3125,0.0189
3130,0.0189
3135,0.0189
3140,0.0189
3145,0.0189
3150,0.0189
3155,0.0189
3160,0.0189
3165,0.0189
3170,0.0189
3175,0.0189
3180,0.0189
3185,0.0189
3190,0.0189
3195,0.0189
3200,0.0189
3205,0.0189
3210,0.0189
3215,0.0189
3220,0.0189
3225,0.0189
3230,0.0189
3235,0.0189
3240,0.0189
3245,0.0189
3250,0.0189
3255,0.0189
3260,0.0189
3265,0.0189
3270,0.0189
3275,0.0189
3280,0.0189
3285,0.0189
3290,0.0189
3295,0.0189
3300,0.0189
3305,0.0189
3310,0.0189
3315,0.0189
3320,0.0189
3325,0.0189
3330,0.0189
3335,0.0189
3340,0.0189
3345,0.0189
3350,0.0189
3355,0.0189
3360,0.0189
3365,0.0189
3370,0.0189
3375,0.0189
3380,0.0189
3385,0.0189
3390,0.0189
3395,0.0189
3400,0.0189
3405,0.0189
3410,0.0189
3415,0.0189
3420,0.0189
3425,0.0189
3430,0.0189
3435,0.0189
3440,0.0189
3445,0.0189
3450,0.0189
3455,0.0189
3460,0.0189
3465,0.0189
3470,0.0189
3475,0.0189
3480,0.0189
3485,0.0189
3490,0.0189
3495,0.0189
3500,0.0189
3505,0.0189
3510,0.0189
3515,0.0189
3520,0.0189
3525,0.0189
3530,0.0189
3535,0.0189
3540,0.0189
3545,0.0189
3550,0.0189
3555,0.0189
3560,0.0189
3565,0.0189
3570,0.0189
3575,0.0189
3580,0.0189
3585,0.0189
3590,0.0189
3595,0.0189
3600,0.0189
3605,0.0189
3610,0.0189
3615,0.0189
3620,0.0189
3625,0.0189
3630,0.0189
3635,0.0189
3640,0.0189
3645,0.0189
3650,0.0189
3655,0.0189
3660,0.0189
3665,0.0189
3670,0.0189
3675,0.0189
3680,0.0189
3685,0.0189
3690,0.0189
3695,0.0189
3700,0.0189
3705,0.0189
3710,0.0189
3715,0.0189
3720,0.0189
3725,0.0189
3730,0.0189
3735,0.0189
3740,0.0189
3745,0.0189
3750,0.0189
3755,0.0189
3760,0.0189
3765,0.0189
3770,0.0189
3775,0.0189
3780,0.0189
3785,0.0189
3790,0.0189
3795,0.0189
3800,0.0189
3805,0.0189
3810,0.0189
3815,0.0189
3820,0.0189
3825,0.0189
3830,0.0189
3835,0.0189
3840,0.0189
3845,0.0189
3850,0.0189
3855,0.0189
3860,0.0189
3865,0.0189
3870,0.0189
3875,0.0189
3880,0.0189
3885,0.0189
3890,0.0189
3895,0.0189
3900,0.0189
3905,0.0189
3910,0.0189
3915,0.0189
3920,0.0189
3925,0.0189
3930,0.0189
3935,0.0189
3940,0.0189
3945,0.0189
3950,0.0189
3955,0.0189
3960,0.0189
3965,0.0189
3970,0.0189
3975,0.0189
3980,0.0189
3985,0.0189
3990,0.0189
3995,0.0189
4000,0.0189
4005,0.0189
4010,0.0189
4015,0.0189
4020,0.0189
4025,0.0189
4030,0.0189
4035,0.0189
4040,0.0189
4045,0.0189
4050,0.0189
4055,0.0189
4060,0.0189
4065,0.0189
4070,0.0189
4075,0.0189
4080,0.0189
4085,0.0189
4090,0.0189
4095,0.0189
4100,0.0189
4105,0.0189
4110,0.0189
4115,0.0189
4120,0.0189
4125,0.0189
4130,0.0189
4135,0.0189
4140,0.0189
4145,0.0189
4150,0.0189
4155,0.0189
4160,0.0189
4165,0.0189
4170,0.0189
4175,0.0189
4180,0.0189
4185,0.0189
4190,0.0189
4195,0.0189
4200,0.0189
4205,0.0189
4210,0.0189
4215,0.0189
4220,0.0189
4225,0.0189
4230,0.0189
4235,0.0189
4240,0.0189
4245,0.0189
4250,0.0189
4255,0.0189
4260,0.0189
4265,0.0189
4270,0.0189
4275,0.0189
4280,0.0189
4285,0.0189
4290,0.0189
4295,0.0189
4300,0.0189
4305,0.0189
4310,0.0189
4315,0.0189
4320,0.0189
4325,0.0189
4330,0.0189
4335,0.0189
4340,0.0189
4345,0.0189
4350,0.0189
4355,0.0189
4360,0.0189
4365,0.0189
4370,0.0189
4375,0.0189
4380,0.0189
4385,0.0189
4390,0.0189
4395,0.0189
4400,0.0189
4405,0.0189
4410,0.0189
4415,0.0189
4420,0.0189
4425,0.0189
4430,0.0189
4435,0.0189
4440,0.0189
4445,0.0189
4450,0.0189
4455,0.0189
4460,0.0189
4465,0.0189
4470,0.0189
4475,0.0189
4480,0.0189
4485,0.0189
4490,0.0189
4495,0.0189
4500,0.0189
4505,0.0189
4510,0.0189
4515,0.0189
4520,0.0189
4525,0.0189
4530,0.0189
4535,0.0189
4540,0.0189
4545,0.0189
4550,0.0189
4555,0.0189
4560,0.0189
4565,0.0189
4570,0.0189
4575,0.0189
4580,0.0189
4585,0.0189
4590,0.0189
4595,0.0189
4600,0.0189
4605,0.0189
4610,0.0189
4615,0.0189
4620,0.0189
4625,0.0189
4630,0.0189
4635,0.0189
4640,0.0189
4645,0.0189
4650,0.0189
4655,0.0189
4660,0.0189
4665,0.0189
4670,0.0189
4675,0.0189
4680,0.0189
4685,0.0189
4690,0.0189
4695,0.0189
4700,0.0189
4705,0.0189
4710,0.0189
4715,0.0189
4720,0.0189
4725,0.0189
4730,0.0189
4735,0.0189
4740,0.0189
4745,0.0189
4750,0.0189
4755,0.0189
4760,0.0189
4765,0.0189
4770,0.0189
4775,0.0189
4780,0.0189
4785,0.0189
4790,0.0189
4795,0.0189
4800,0.0189
4805,0.0189
4810,0.0189
4815,0.0189
4820,0.0189
4825,0.0189
4830,0.0189
4835,0.0189
4840,0.0189
4845,0.0189
4850,0.0189
4855,0.0189
4860,0.0189
4865,0.0189
4870,0.0189
4875,0.0189
4880,0.0189
4885,0.0189
4890,0.0189
4895,0.0189
4900,0.0189
4905,0.0189
4910,0.0189
4915,0.0189
4920,0.0189
4925,0.0189
4930,0.0189
4935,0.0189
4940,0.0189
4945,0.0189
4950,0.0189
4955,0.0189
4960,0.0189
4965,0.0189
4970,0.0189
4975,0.0189
4980,0.0189
4985,0.0189
4990,0.0189
4995,0.0189
5000,0.0189
5005,0.0189
5010,0.0189
5015,0.0189
5020,0.0189
5025,0.0189
5030,0.0189
5035,0.0189
5040,0.0189
5045,0.0189
5050,0.0189
5055,0.0189
5060,0.0189
5065,0.0189
5070,0.0189
5075,0.0189
5080,0.0189
5085,0.0189
5090,0.0189
5095,0.0189
5100,0.0189
5105,0.0189
5110,0.0189
5115,0.0189
5120,0.0189
5125,0.0189
5130,0.0189
5135,0.0189
5140,0.0189
5145,0.0189
5150,0.0189
5155,0.0189
5160,0.0189
5165,0.0189
5170,0.0189
5175,0.0189
5180,0.0189
5185,0.0189
5190,0.0189
5195,0.0189
5200,0.0189
5205,0.0189
5210,0.0189
5215,0.0189
5220,0.0189
5225,0.0189
5230,0.0189
5235,0.0189
5240,0.0189
5245,0.0189
5250,0.0189
5255,0.0189
5260,0.0189
5265,0.0189
5270,0.0189
5275,0.0189
5280,0.0189
5285,0.0189
5290,0.0189
5295,0.0189
5300,0.0189
5305,0.0189
5310,0.0189
5315,0.0189
5320,0.0189
5325,0.0189
5330,0.0189
5335,0.0189
5340,0.0189
5345,0.0189
5350,0.0189
5355,0.0189
5360,0.0189
5365,0.0189
5370,0.0189
5375,0.0189
5380,0.0189
5385,0.0189
5390,0.0189
5395,0.0189
5400,0.0189
5405,0.0189
5410,0.0189
5415,0.0189
5420,0.0189
5425,0.0189
5430,0.0189
5435,0.0189
5440,0.0189
5445,0.0189
5450,0.0189
5455,0.0189
5460,0.0189
5465,0.0189
5470,0.0189
5475,0.0189
5480,0.0189
5485,0.0189
5490,0.0189
5495,0.0189
5500,0.0189
5505,0.0189
5510,0.0189
5515,0.0189
5520,0.0189
5525,0.0189
5530,0.0189
5535,0.0189
5540,0.0189
5545,0.0189
5550,0.0189
5555,0.0189
5560,0.0189
5565,0.0189
5570,0.0189
5575,0.0189
5580,0.0189
5585,0.0189
5590,0.0189
5595,0.0189
5600,0.0189
5605,0.0189
5610,0.0189
5615,0.0189
5620,0.0189
5625,0.0189
5630,0.0189
5635,0.0189
5640,0.0189
5645,0.0189
5650,0.0189
5655,0.0189
5660,0.0189
5665,0.0189
5670,0.0189
5675,0.0189
5680,0.0189
5685,0.0189
5690,0.0189
5695,0.0189
5700,0.0189
5705,0.0189
5710,0.0189
5715,0.0189
5720,0.0189
5725,0.0189
5730,0.0189
5735,0.0189
5740,0.0189
5745,0.0189
5750,0.0189
5755,0.0189
5760,0.0189
5765,0.0189
5770,0.0189
5775,0.0189
5780,0.0189
5785,0.0189
5790,0.0189
5795,0.0189
5800,0.0189
5805,0.0189
5810,0.0189
5815,0.0189
5820,0.0189
5825,0.0189
5830,0.0189
5835,0.0189
5840,0.0189
5845,0.0189
5850,0.0189
5855,0.0189
5860,0.0189
5865,0.0189
5870,0.0189
5875,0.0189
5880,0.0189
5885,0.0189
5890,0.0189
5895,0.0189
5900,0.0189
5905,0.0189
5910,0.0189
5915,0.0189
5920,0.0189
5925,0.0189
5930,0.0189
5935,0.0189
5940,0.0189
5945,0.0189
5950,0.0189
5955,0.0189
5960,0.0189
5965,0.0189
5970,0.0189
5975,0.0189
5980,0.0189
5985,0.0189
5990,0.0189
5995,0.0189
6000,0.0189
6005,0.0189
6010,0.0189
6015,0.0189
6020,0.0189
6025,0.0189
6030,0.0189
6035,0.0189
6040,0.0189
6045,0.0189
6050,0.0189
6055,0.0189
6060,0.0189
6065,0.0189
6070,0.0189
6075,0.0189
6080,0.0189
6085,0.0189
6090,0.0189
6095,0.0189
6100,0.0189
6105,0.0189
6110,0.0189
6115,0.0189
6120,0.0189
6125,0.0189
6130,0.0189
6135,0.0189
6140,0.0189
6145,0.0189
6150,0.0189
6155,0.0189
6160,0.0189
6165,0.0189
6170,0.0189
6175,0.0189
6180,0.0189
6185,0.0189
6190,0.0189
6195,0.0189
6200,0.0189
6205,0.0189
6210,0.0189
6215,0.0189
6220,0.0189
6225,0.0189
6230,0.0189
6235,0.0189
6240,0.0189
6245,0.0189
6250,0.0189
6255,0.0189
6260,0.0189
6265,0.0189
6270,0.0189
6275,0.0189
6280,0.0189
6285,0.0189
6290,0.0189
6295,0.0189
6300,0.0189
6305,0.0189
6310,0.0189
6315,0.0189
6320,0.0189
6325,0.0189
6330,0.0189
6335,0.0189
6340,0.0189
6345,0.0189
6350,0.0189
6355,0.0189
6360,0.0189
6365,0.0189
6370,0.0189
6375,0.0189
6380,0.0189
6385,0.0189
6390,0.0189
6395,0.0189
6400,0.0189
6405,0.0189
6410,0.0189
6415,0.0189
6420,0.0189
6425,0.0189
6430,0.0189
6435,0.0189
6440,0.0189
6445,0.0189
6450,0.0189
6455,0.0189
6460,0.0189
6465,0.0189
6470,0.0189
6475,0.0189
6480,0.0189
6485,0.0189
6490,0.0189
6495,0.0189
6500,0.0189
6505,0.0189
6510,0.0189
6515,0.0189
6520,0.0189
6525,0.0189
6530,0.0189
6535,0.0189
6540,0.0189
6545,0.0189
6550,0.0189
6555,0.0189
6560,0.0189
6565,0.0189
6570,0.0189
6575,0.0189
6580,0.0189
6585,0.0189
6590,0.0189
6595,0.0189
6600,0.0189
6605,0.0189
6610,0.0189
6615,0.0189
6620,0.0189
6625,0.0189
6630,0.0189
6635,0.0189
6640,0.0189
6645,0.0189
6650,0.0189
6655,0.0189
6660,0.0189
6665,0.0189
6670,0.0189
6675,0.0189
6680,0.0189
6685,0.0189
6690,0.0189
6695,0.0189
6700,0.0189
6705,0.0189
6710,0.0189
6715,0.0189
6720,0.0189
6725,0.0189
6730,0.0189
6735,0.0189
6740,0.0189
6745,0.0189
6750,0.0189
6755,0.0189
6760,0.0189
6765,0.0189
6770,0.0189
6775,0.0189
6780,0.0189
6785,0.0189
6790,0.0189
6795,0.0189
6800,0.0189
6805,0.0189
6810,0.0189
6815,0.0189
6820,0.0189
6825,0.0189
6830,0.0189
6835,0.0189
6840,0.0189
6845,0.0189
6850,0.0189
6855,0.0189
6860,0.0189
6865,0.0189
6870,0.0189
6875,0.0189
6880,0.0189
6885,0.0189
6890,0.0189
6895,0.0189
6900,0.0189
6905,0.0189
6910,0.0189
6915,0.0189
6920,0.0189
6925,0.0189
6930,0.0189
6935,0.0189
6940,0.0189
6945,0.0189
6950,0.0189
6955,0.0189
6960,0.0189
6965,0.0189
6970,0.0189
6975,0.0189
6980,0.0189
6985,0.0189
6990,0.0189
6995,0.0189
7000,0.0189
7005,0.0189
7010,0.0189
7015,0.0189
7020,0.0189
7025,0.0189
7030,0.0189
7035,0.0189
7040,0.0189
7045,0.0189
7050,0.0189
7055,0.0189
7060,0.0189
7065,0.0189
7070,0.0189
7075,0.0189
7080,0.0189
7085,0.0189
7090,0.0189
7095,0.0189
7100,0.0189
7105,0.0189
7110,0.0189
7115,0.0189
7120,0.0189
7125,0.0189
7130,0.0189
7135,0.0189
7140,0.0189
7145,0.0189
7150,0.0189
7155,0.0189
7160,0.0189
7165,0.0189
7170,0.0189
7175,0.0189
7180,0.0189
7185,0.0189
7190,0.0189
7195,0.0189
7200,0.0189
7205,0.0189
7210,0.0189
7215,0.0189
7220,0.0189
7225,0.0189
7230,0.0189
7235,0.0189
7240,0.0189
7245,0.0189
7250,0.0189
7255,0.0189
7260,0.0189
7265,0.0189
7270,0.0189
7275,0.0189
7280,0.0189
7285,0.0189
7290,0.0189
7295,0.0189
7300,0.0189
7305,0.0189
7310,0.0189
7315,0.0189
7320,0.0189
7325,0.0189
7330,0.0189
7335,0.0189
7340,0.0189
7345,0.0189
7350,0.0189
7355,0.0189
7360,0.0189
7365,0.0189
7370,0.0189
7375,0.0189
7380,0.0189
7385,0.0189
7390,0.0189
7395,0.0189
7400,0.0189
7405,0.0189
7410,0.0189
7415,0.0189
7420,0.0189
7425,0.0189
7430,0.0189
7435,0.0189
7440,0.0189
7445,0.0189
7450,0.0189
7455,0.0189
7460,0.0189
7465,0.0189
7470,0.0189
7475,0.0189
7480,0.0189
7485,0.0189
7490,0.0189
7495,0.0189
7500,0.0189
7505,0.0189
7510,0.0189
7515,0.0189
7520,0.0189
7525,0.0189
7530,0.0189
7535,0.0189
7540,0.0189
7545,0.0189
7550,0.0189
7555,0.0189
7560,0.0189
7565,0.0189
7570,0.0189
7575,0.0189
7580,0.0189
7585,0.0189
7590,0.0189
7595,0.0189
7600,0.0189
7605,0.0189
7610,0.0189
7615,0.0189
7620,0.0189
7625,0.0189
7630,0.0189
7635,0.0189
7640,0.0189
7645,0.0189
7650,0.0189
7655,0.0189
7660,0.0189
7665,0.0189
7670,0.0189
7675,0.0189
7680,0.0189
7685,0.0189
7690,0.0189
7695,0.0189
7700,0.0189
7705,0.0189
7710,0.0189
7715,0.0189
7720,0.0189
7725,0.0189
7730,0.0189
7735,0.0189
7740,0.0189
7745,0.0189
7750,0.0189
7755,0.0189
7760,0.0189
7765,0.0189
7770,0.0189
7775,0.0189
7780,0.0189
7785,0.0189
7790,0.0189
7795,0.0189
7800,0.0189
7805,0.0189
7810,0.0189
7815,0.0189
7820,0.0189
7825,0.0189
7830,0.0189
7835,0.0189
7840,0.0189
7845,0.0189
7850,0.0189
7855,0.0189
7860,0.0189
7865,0.0189
7870,0.0189
7875,0.0189
7880,0.0189
7885,0.0189
7890,0.0189
7895,0.0189
7900,0.0189
7905,0.0189
7910,0.0189
7915,0.0189
7920,0.0189
7925,0.0189
7930,0.0189
7935,0.0189
7940,0.0189
7945,0.0189
7950,0.0189
7955,0.0189
7960,0.0189
7965,0.0189
7970,0.0189
7975,0.0189
7980,0.0189
7985,0.0189
7990,0.0189
7995,0.0189
8000,0.0189
8005,0.0189
8010,0.0189
8015,0.0189
8020,0.0189
8025,0.0189
8030,0.0189
8035,0.0189
8040,0.0189
8045,0.0189
8050,0.0189
8055,0.0189
8060,0.0189
8065,0.0189
8070,0.0189
8075,0.0189
8080,0.0189
8085,0.0189
8090,0.0189
8095,0.0189
8100,0.0189
8105,0.0189
8110,0.0189
8115,0.0189
8120,0.0189
8125,0.0189
8130,0.0189
8135,0.0189
8140,0.0189
8145,0.0189
8150,0.0189
8155,0.0189
8160,0.0189
8165,0.0189
8170,0.0189
8175,0.0189
8180,0.0189
8185,0.0189
8190,0.0189
8195,0.0189
8200,0.0189
8205,0.0189
8210,0.0189
8215,0.0189
8220,0.0189
8225,0.0189
8230,0.0189
8235,0.0189
8240,0.0189
8245,0.0189
8250,0.0189
8255,0.0189
8260,0.0189
8265,0.0189
8270,0.0189
8275,0.0189
8280,0.0189
8285,0.0189
8290,0.0189
8295,0.0189
8300,0.0189
8305,0.0189
8310,0.0189
8315,0.0189
8320,0.0189
8325,0.0189
8330,0.0189
8335,0.0189
8340,0.0189
8345,0.0189
8350,0.0189
8355,0.0189
8360,0.0189
8365,0.0189
8370,0.0189
8375,0.0189
8380,0.0189
8385,0.0189
8390,0.0189
8395,0.0189
8400,0.0189
8405,0.0189
8410,0.0189
8415,0.0189
8420,0.0189
8425,0.0189
8430,0.0189
8435,0.0189
8440,0.0189
8445,0.0189
8450,0.0189
8455,0.0189
8460,0.0189
8465,0.0189
8470,0.0189
8475,0.0189
8480,0.0189
8485,0.0189
8490,0.0189
8495,0.0189
8500,0.0189
8505,0.0189
8510,0.0189
8515,0.0189
8520,0.0189
8525,0.0189
8530,0.0189
8535,0.0189
8540,0.0189
8545,0.0189
8550,0.0189
8555,0.0189
8560,0.0189
8565,0.0189
8570,0.0189
8575,0.0189
8580,0.0189
8585,0.0189
8590,0.0189
8595,0.0189
8600,0.0189
8605,0.0189
8610,0.0189
8615,0.0189
8620,0.0189
8625,0.0189
8630,0.0189
8635,0.0189
8640,0.0189
8645,0.0189
8650,0.0189
8655,0.0189
8660,0.0189
8665,0.0189
8670,0.0189
8675,0.0189
8680,0.0189
8685,0.0189
8690,0.0189
8695,0.0189
8700,0.0189
8705,0.0189
8710,0.0189
8715,0.0189
8720,0.0189
8725,0.0189
8730,0.0189
8735,0.0189
8740,0.0189
8745,0.0189
8750,0.0189
8755,0.0189
8760,0.0189
8765,0.0189
8770,0.0189
8775,0.0189
8780,0.0189
8785,0.0189
8790,0.0189
8795,0.0189
8800,0.0189
8805,0.0189
8810,0.0189
8815,0.0189
8820,0.0189
8825,0.0189
8830,0.0189
8835,0.0189
8840,0.0189
8845,0.0189
8850,0.0189
8855,0.0189
8860,0.0189
8865,0.0189
8870,0.0189
8875,0.0189
8880,0.0189
8885,0.0189
8890,0.0189
8895,0.0189
8900,0.0189
8905,0.0189
8910,0.0189
8915,0.0189
8920,0.0189
8925,0.0189
8930,0.0189
8935,0.0189
8940,0.0189
8945,0.0189
8950,0.0189
8955,0.0189
8960,0.0189
8965,0.0189
8970,0.0189
8975,0.0189
8980,0.0189
8985,0.0189
8990,0.0189
8995,0.0189
9000,0.0189
9005,0.0189
9010,0.0189
9015,0.0189
9020,0.0189
9025,0.0189
9030,0.0189
9035,0.0189
9040,0.0189
9045,0.0189
9050,0.0189
9055,0.0189
9060,0.0189
9065,0.0189
9070,0.0189
9075,0.0189
9080,0.0189
9085,0.0189
9090,0.0189
9095,0.0189
9100,0.0189
9105,0.0189
9110,0.0189
9115,0.0189
9120,0.0189
9125,0.0189
9130,0.0189
9135,0.0189
9140,0.0189
9145,0.0189
9150,0.0189
9155,0.0189
9160,0.0189
9165,0.0189
9170,0.0189
9175,0.0189
9180,0.0189
9185,0.0189
9190,0.0189
9195,0.0189
9200,0.0189
9205,0.0189
9210,0.0189
9215,0.0189
9220,0.0189
9225,0.0189
9230,0.0189
9235,0.0189
9240,0.0189
9245,0.0189
9250,0.0189
9255,0.0189
9260,0.0189
9265,0.0189
9270,0.0189
9275,0.0189
9280,0.0189
9285,0.0189
9290,0.0189
9295,0.0189
9300,0.0189
9305,0.0189
9310,0.0189
9315,0.0189
9320,0.0189
9325,0.0189
9330,0.0189
9335,0.0189
9340,0.0189
9345,0.0189
9350,0.0189
9355,0.0189
9360,0.0189
9365,0.0189
9370,0.0189
9375,0.0189
9380,0.0189
9385,0.0189
9390,0.0189
9395,0.0189
9400,0.0189
9405,0.0189
9410,0.0189
9415,0.0189
9420,0.0189
9425,0.0189
9430,0.0189
9435,0.0189
9440,0.0189
9445,0.0189
9450,0.0189
9455,0.0189
9460,0.0189
9465,0.0189
9470,0.0189
9475,0.0189
9480,0.0189
9485,0.0189
9490,0.0189
9495,0.0189
9500,0.0189
9505,0.0189
9510,0.0189
9515,0.0189
9520,0.0189
9525,0.0189
9530,0.0189
9535,0.0189
9540,0.0189
9545,0.0189
9550,0.0189
9555,0.0189
9560,0.0189
9565,0.0189
9570,0.0189
9575,0.0189
9580,0.0189
9585,0.0189
9590,0.0189
9595,0.0189
9600,0.0189
9605,0.0189
9610,0.0189
9615,0.0189
9620,0.0189
9625,0.0189
9630,0.0189
9635,0.0189
9640,0.0189
9645,0.0189
9650,0.0189
9655,0.0189
9660,0.0189
9665,0.0189
9670,0.0189
9675,0.0189
9680,0.0189
9685,0.0189
9690,0.0189
9695,0.0189
9700,0.0189
9705,0.0189
9710,0.0189
9715,0.0189
9720,0.0189
9725,0.0189
9730,0.0189
9735,0.0189
9740,0.0189
9745,0.0189
9750,0.0189
9755,0.0189
9760,0.0189
9765,0.0189
9770,0.0189
9775,0.0189
9780,0.0189
9785,0.0189
9790,0.0189
9795,0.0189
9800,0.0189
9805,0.0189
9810,0.0189
9815,0.0189
9820,0.0189
9825,0.0189
9830,0.0189
9835,0.0189
9840,0.0189
9845,0.0189
9850,0.0189
9855,0.0189
9860,0.0189
9865,0.0189
9870,0.0189
9875,0.0189
9880,0.0189
9885,0.0189
9890,0.0189
9895,0.0189
9900,0.0189
9905,0.0189
9910,0.0189
9915,0.0189
9920,0.0189
9925,0.0189
9930,0.0189
9935,0.0189
9940,0.0189
9945,0.0189
9950,0.0189
9955,0.0189
9960,0.0189
9965,0.0189
9970,0.0189
9975,0.0189
9980,0.0189
9985,0.0189
9990,0.0189
9995,0.0189
10000,0.0189
10005,0.0189
10010,0.0189
10015,0.0189
10020,0.0189
10025,0.0189
10030,0.0189
10035,0.0189
10040,0.0189
10045,0.0189
10050,0.0189
10055,0.0189
10060,0.0189
10065,0.0189
10070,0.0189
10075,0.0189
10080,0.0189
10085,0.0189
10090,0.0189
10095,0.0189
10100,0.0189
10105,0.0189
10110,0.0189
10115,0.0189
10120,0.0189
10125,0.0189
10130,0.0189
10135,0.0189
10140,0.0189
10145,0.0189
10150,0.0189
10155,0.0189
10160,0.0189
10165,0.0189
10170,0.0189
10175,0.0189
10180,0.0189
10185,0.0189
10190,0.0189
10195,0.0189
10200,0.0189
10205,0.0189
10210,0.0189
10215,0.0189
10220,0.0189
10225,0.0189
10230,0.0189
10235,0.0189
10240,0.0189
10245,0.0189
10250,0.0189
10255,0.0189
10260,0.0189
10265,0.0189
10270,0.0189
10275,0.0189
10280,0.0189
10285,0.0189
10290,0.0189
10295,0.0189
10300,0.0189
10305,0.0189
10310,0.0189
10315,0.0189
10320,0.0189
10325,0.0189
10330,0.0189
10335,0.0189
10340,0.0189
10345,0.0189
10350,0.0189
10355,0.0189
10360,0.0189
10365,0.0189
10370,0.0189
10375,0.0189
10380,0.0189
10385,0.0189
10390,0.0189
10395,0.0189
10400,0.0189
10405,0.0189
10410,0.0189
10415,0.0189
10420,0.0189
10425,0.0189
10430,0.0189
10435,0.0189
10440,0.0189
10445,0.0189
10450,0.0189
10455,0.0189
10460,0.0189
10465,0.0189
10470,0.0189
10475,0.0189
10480,0.0189
10485,0.0189
10490,0.0189
10495,0.0189
10500,0.0189
10505,0.0189
10510,0.0189
10515,0.0189
10520,0.0189
10525,0.0189
10530,0.0189
10535,0.0189
10540,0.0189
10545,0.0189
10550,0.0189
10555,0.0189
10560,0.0189
10565,0.0189
10570,0.0189
10575,0.0189
10580,0.0189
10585,0.0189
10590,0.0189
10595,0.0189
10600,0.0189
10605,0.0189
10610,0.0189
10615,0.0189
10620,0.0189
10625,0.0189
10630,0.0189
10635,0.0189
10640,0.0189
10645,0.0189
10650,0.0189
10655,0.0189
10660,0.0189
10665,0.0189
10670,0.0189
10675,0.0189
10680,0.0189
10685,0.0189
10690,0.0189
10695,0.0189
10700,0.0189
10705,0.0189
10710,0.0189
10715,0.0189
10720,0.0189
10725,0.0189
10730,0.0189
10735,0.0189
10740,0.0189
10745,0.0189
10750,0.0189
10755,0.0189
10760,0.0189
10765,0.0189
10770,0.0189
10775,0.0189
10780,0.0189
10785,0.0189
10790,0.0189
10795,0.0189
10800,0.0189
10805,0.0189
10810,0.0189
10815,0.0189
10820,0.0189
10825,0.0189
10830,0.0189
10835,0.0189
10840,0.0189
10845,0.0189
10850,0.0189
10855,0.0189
10860,0.0189
10865,0.0189
10870,0.0189
10875,0.0189
10880,0.0189
10885,0.0189
10890,0.0189
10895,0.0189
10900,0.0189
10905,0.0189
10910,0.0189
10915,0.0189
10920,0.0189
10925,0.0189
10930,0.0189
10935,0.0189
10940,0.0189
10945,0.0189
10950,0.0189
10955,0.0189
10960,0.0189
10965,0.0189
10970,0.0189
10975,0.0189
10980,0.0189
10985,0.0189
10990,0.0189
10995,0.0189
11000,0.0189
11005,0.0189
11010,0.0189
11015,0.0189
11020,0.0189
11025,0.0189
11030,0.0189
11035,0.0189
11040,0.0189
11045,0.0189
11050,0.0189
11055,0.0189
11060,0.0189
11065,0.0189
11070,0.0189
11075,0.0189
11080,0.0189
11085,0.0189
11090,0.0189
11095,0.0189
11100,0.0189
11105,0.0189
11110,0.0189
11115,0.0189
11120,0.0189
11125,0.0189
11130,0.0189
11135,0.0189
11140,0.0189
11145,0.0189
11150,0.0189
11155,0.0189
11160,0.0189
11165,0.0189
11170,0.0189
11175,0.0189
11180,0.0189
11185,0.0189
11190,0.0189
11195,0.0189
11200,0.0189
11205,0.0189
11210,0.0189
11215,0.0189
11220,0.0189
11225,0.0189
11230,0.0189
11235,0.0189
11240,0.0189
11245,0.0189
11250,0.0189
11255,0.0189
11260,0.0189
11265,0.0189
11270,0.0189
11275,0.0189
11280,0.0189
11285,0.0189
11290,0.0189
11295,0.0189
11300,0.0189
11305,0.0189
11310,0.0189
11315,0.0189
11320,0.0189
11325,0.0189
11330,0.0189
11335,0.0189
11340,0.0189
11345,0.0189
11350,0.0189
11355,0.0189
11360,0.0189
11365,0.0189
11370,0.0189
11375,0.0189
11380,0.0189
11385,0.0189
11390,0.0189
11395,0.0189
11400,0.0189
11405,0.0189
11410,0.0189
11415,0.0189
11420,0.0189
11425,0.0189
11430,0.0189
11435,0.0189
11440,0.0189
11445,0.0189
11450,0.0189
11455,0.0189
11460,0.0189
11465,0.0189
11470,0.0189
11475,0.0189
11480,0.0189
11485,0.0189
11490,0.0189
11495,0.0189
11500,0.0189
11505,0.0189
11510,0.0189
11515,0.0189
11520,0.0189
11525,0.0189
11530,0.0189
11535,0.0189
11540,0.0189
11545,0.0189
11550,0.0189
11555,0.0189
11560,0.0189
11565,0.0189
11570,0.0189
11575,0.0189
11580,0.0189
11585,0.0189
11590,0.0189
11595,0.0189
11600,0.0189
11605,0.0189
11610,0.0189
11615,0.0189
11620,0.0189
11625,0.0189
11630,0.0189
11635,0.0189
11640,0.0189
11645,0.0189
11650,0.0189
11655,0.0189
11660,0.0189
11665,0.0189
11670,0.0189
11675,0.0189
11680,0.0189
11685,0.0189
11690,0.0189
11695,0.0189
11700,0.0189
11705,0.0189
11710,0.0189
11715,0.0189
11720,0.0189
11725,0.0189
11730,0.0189
11735,0.0189
11740,0.0189
11745,0.0189
11750,0.0189
11755,0.0189
11760,0.0189
11765,0.0189
11770,0.0189
11775,0.0189
11780,0.0189
11785,0.0189
11790,0.0189
11795,0.0189
11800,0.0189
11805,0.0189
11810,0.0189
11815,0.0189
11820,0.0189
11825,0.0189
11830,0.0189
11835,0.0189
11840,0.0189
11845,0.0189
11850,0.0189
11855,0.0189
11860,0.0189
11865,0.0189
11870,0.0189
11875,0.0189
11880,0.0189
11885,0.0189
11890,0.0189
11895,0.0189
11900,0.0189
11905,0.0189
11910,0.0189
11915,0.0189
11920,0.0189
11925,0.0189
11930,0.0189
11935,0.0189
11940,0.0189
11945,0.0189
11950,0.0189
11955,0.0189
11960,0.0189
11965,0.0189
11970,0.0189
11975,0.0189
11980,0.0189
11985,0.0189
11990,0.0189
11995,0.0189
12000,0.0189
12005,0.0189
12010,0.0189
12015,0.0189
12020,0.0189
12025,0.0189
12030,0.0189
12035,0.0189
12040,0.0189
12045,0.0189
12050,0.0189
12055,0.0189
12060,0.0189
12065,0.0189
12070,0.0189
12075,0.0189
12080,0.0189
12085,0.0189
12090,0.0189
12095,0.0189
12100,0.0189
12105,0.0189
12110,0.0189
12115,0.0189
12120,0.0189
12125,0.0189
12130,0.0189
12135,0.0189
12140,0.0189
12145,0.0189
12150,0.0189
12155,0.0189
12160,0.0189
12165,0.0189
12170,0.0189
12175,0.0189
12180,0.0189
12185,0.0189
12190,0.0189
12195,0.0189
12200,0.0189
12205,0.0189
12210,0.0189
12215,0.0189
12220,0.0189
12225,0.0189
12230,0.0189
12235,0.0189
12240,0.0189
12245,0.0189
12250,0.0189
12255,0.0189
12260,0.0189
12265,0.0189
12270,0.0189
12275,0.0189
12280,0.0189
12285,0.0189
12290,0.0189
12295,0.0189
12300,0.0189
12305,0.0189
12310,0.0189
12315,0.0189
12320,0.0189
12325,0.0189
12330,0.0189
12335,0.0189
12340,0.0189
12345,0.0189
12350,0.0189
12355,0.0189
12360,0.0189
12365,0.0189
12370,0.0189
12375,0.0189
12380,0.0189
12385,0.0189
12390,0.0189
12395,0.0189
12400,0.0189
12405,0.0189
12410,0.0189
12415,0.0189
12420,0.0189
12425,0.0189
12430,0.0189
12435,0.0189
12440,0.0189
12445,0.0189
12450,0.0189
12455,0.0189
12460,0.0189
12465,0.0189
12470,0.0189
12475,0.0189
12480,0.0189
12485,0.0189
12490,0.0189
12495,0.0189
12500,0.0189
12505,0.0189
12510,0.0189
12515,0.0189
12520,0.0189
12525,0.0189
12530,0.0189
12535,0.0189
12540,0.0189
12545,0.0189
12550,0.0189
12555,0.0189
12560,0.0189
12565,0.0189
12570,0.0189
12575,0.0189
12580,0.0189
12585,0.0189
12590,0.0189
12595,0.0189
12600,0.0189
12605,0.0189
12610,0.0189
12615,0.0189
12620,0.0189
12625,0.0189
12630,0.0189
12635,0.0189
12640,0.0189
12645,0.0189
12650,0.0189
12655,0.0189
12660,0.0189
12665,0.0189
12670,0.0189
12675,0.0189
12680,0.0189
12685,0.0189
12690,0.0189
12695,0.0189
12700,0.0189
12705,0.0189
12710,0.0189
12715,0.0189
12720,0.0189
12725,0.0189
12730,0.0189
12735,0.0189
12740,0.0189
12745,0.0189
12750,0.0189
12755,0.0189
12760,0.0189
12765,0.0189
12770,0.0189
12775,0.0189
12780,0.0189
12785,0.0189
12790,0.0189
12795,0.0189
12800,0.0189
12805,0.0189
12810,0.0189
12815,0.0189
12820,0.0189
12825,0.0189
12830,0.0189
12835,0.0189
12840,0.0189
12845,0.0189
12850,0.0189
12855,0.0189
12860,0.0189
12865,0.0189
12870,0.0189
12875,0.0189
12880,0.0189
12885,0.0189
12890,0.0189
12895,0.0189
12900,0.0189
12905,0.0189
12910,0.0189
12915,0.0189
12920,0.0189
12925,0.0189
12930,0.0189
12935,0.0189
12940,0.0189
12945,0.0189
12950,0.0189
12955,0.0189
12960,0.0189
12965,0.0189
12970,0.0189
12975,0.0189
12980,0.0189
12985,0.0189
12990,0.0189
12995,0.0189
13000,0.0189
13005,0.0189
13010,0.0189
13015,0.0189
13020,0.0189
13025,0.0189
13030,0.0189
13035,0.0189
13040,0.0189
13045,0.0189
13050,0.0189
13055,0.0189
13060,0.0189
13065,0.0189
13070,0.0189
13075,0.0189
13080,0.0189
13085,0.0189
13090,0.0189
13095,0.0189
13100,0.0189
13105,0.0189
13110,0.0189
13115,0.0189
13120,0.0189
13125,0.0189
13130,0.0189
13135,0.0189
13140,0.0189
13145,0.0189
13150,0.0189
13155,0.0189
13160,0.0189
13165,0.0189
13170,0.0189
13175,0.0189
13180,0.0189
13185,0.0189
13190,0.0189
13195,0.0189
13200,0.0189
13205,0.0189
13210,0.0189
13215,0.0189
13220,0.0189
13225,0.0189
13230,0.0189
13235,0.0189
13240,0.0189
13245,0.0189
13250,0.0189
13255,0.0189
13260,0.0189
13265,0.0189
13270,0.0189
13275,0.0189
13280,0.0189
13285,0.0189
13290,0.0189
13295,0.0189
13300,0.0189
13305,0.0189
13310,0.0189
13315,0.0189
13320,0.0189
13325,0.0189
13330,0.0189
13335,0.0189
13340,0.0189
13345,0.0189
13350,0.0189
13355,0.0189
13360,0.0189
13365,0.0189
13370,0.0189
13375,0.0189
13380,0.0189
13385,0.0189
13390,0.0189
13395,0.0189
13400,0.0189
13405,0.0189
13410,0.0189
13415,0.0189
13420,0.0189
13425,0.0189
13430,0.0189
13435,0.0189
13440,0.0189
13445,0.0189
13450,0.0189
13455,0.0189
13460,0.0189
13465,0.0189
13470,0.0189
13475,0.0189
13480,0.0189
13485,0.0189
13490,0.0189
13495,0.0189
13500,0.0189
13505,0.0189
13510,0.0189
13515,0.0189
13520,0.0189
13525,0.0189
13530,0.0189
13535,0.0189
13540,0.0189
13545,0.0189
13550,0.0189
13555,0.0189
13560,0.0189
13565,0.0189
13570,0.0189
13575,0.0189
13580,0.0189
13585,0.0189
13590,0.0189
13595,0.0189
13600,0.0189
13605,0.0189
13610,0.0189
13615,0.0189
13620,0.0189
13625,0.0189
13630,0.0189
13635,0.0189
13640,0.0189
13645,0.0189
13650,0.0189
13655,0.0189
13660,0.0189
13665,0.0189
13670,0.0189
13675,0.0189
13680,0.0189
13685,0.0189
13690,0.0189
13695,0.0189
13700,0.0189
13705,0.0189
13710,0.0189
13715,0.0189
13720,0.0189
13725,0.0189
13730,0.0189
13735,0.0189
13740,0.0189
13745,0.0189
13750,0.0189
13755,0.0189
13760,0.0189
13765,0.0189
13770,0.0189
13775,0.0189
13780,0.0189
13785,0.0189
13790,0.0189
13795,0.0189
13800,0.0189
13805,0.0189
13810,0.0189
13815,0.0189
13820,0.0189
13825,0.0189
13830,0.0189
13835,0.0189
13840,0.0189
13845,0.0189
13850,0.0189
13855,0.0189
13860,0.0189
13865,0.0189
13870,0.0189
13875,0.0189
13880,0.0189
13885,0.0189
13890,0.0189
13895,0.0189
13900,0.0189
13905,0.0189
13910,0.0189
13915,0.0189
13920,0.0189
13925,0.0189
13930,0.0189
13935,0.0189
13940,0.0189
13945,0.0189
13950,0.0189
13955,0.0189
13960,0.0189
13965,0.0189
13970,0.0189
13975,0.0189
13980,0.0189
13985,0.0189
13990,0.0189
13995,0.0189
14000,0.0189
14005,0.0189
14010,0.0189
14015,0.0189
14020,0.0189
14025,0.0189
14030,0.0189
14035,0.0189
14040,0.0189
14045,0.0189
14050,0.0189
14055,0.0189
14060,0.0189
14065,0.0189
14070,0.0189
14075,0.0189
14080,0.0189
14085,0.0189
14090,0.0189
14095,0.0189
14100,0.0189
14105,0.0189
14110,0.0189
14115,0.0189
14120,0.0189
14125,0.0189
14130,0.0189
14135,0.0189
14140,0.0189
14145,0.0189
14150,0.0189
14155,0.0189
14160,0.0189
14165,0.0189
14170,0.0189
14175,0.0189
14180,0.0189
14185,0.0189
14190,0.0189
14195,0.0189
14200,0.0189
14205,0.0189
14210,0.0189
14215,0.0189
14220,0.0189
14225,0.0189
14230,0.0189
14235,0.0189
14240,0.0189
14245,0.0189
14250,0.0189
14255,0.0189
14260,0.0189
14265,0.0189
14270,0.0189
14275,0.0189
14280,0.0189
14285,0.0189
14290,0.0189
14295,0.0189
14300,0.0189
14305,0.0189
14310,0.0189
14315,0.0189
14320,0.0189
14325,0.0189
14330,0.0189
14335,0.0189
14340,0.0189
14345,0.0189
14350,0.0189
14355,0.0189
14360,0.0189
14365,0.0189
14370,0.0189
14375,0.0189
14380,0.0189
14385,0.0189
14390,0.0189
14395,0.0189
14400,0.0189
14405,0.0189
14410,0.0189
14415,0.0189
14420,0.0189
14425,0.0189
14430,0.0189
14435,0.0189
14440,0.0189
14445,0.0189
14450,0.0189
14455,0.0189
14460,0.0189
14465,0.0189
14470,0.0189
14475,0.0189
14480,0.0189
14485,0.0189
14490,0.0189
14495,0.0189
14500,0.0189
14505,0.0189
14510,0.0189
14515,0.0189
14520,0.0189
14525,0.0189
14530,0.0189
14535,0.0189
14540,0.0189
14545,0.0189
14550,0.0189
14555,0.0189
14560,0.0189
14565,0.0189
14570,0.0189
14575,0.0189
14580,0.0189
14585,0.0189
14590,0.0189
14595,0.0189
14600,0.0189
14605,0.0189
14610,0.0189
14615,0.0189
14620,0.0189
14625,0.0189
14630,0.0189
14635,0.0189
14640,0.0189
14645,0.0189
14650,0.0189
14655,0.0189
14660,0.0189
14665,0.0189
14670,0.0189
14675,0.0189
14680,0.0189
14685,0.0189
14690,0.0189
14695,0.0189
14700,0.0189
14705,0.0189
14710,0.0189
14715,0.0189
14720,0.0189
14725,0.0189
14730,0.0189
14735,0.0189
14740,0.0189
14745,0.0189
14750,0.0189
14755,0.0189
14760,0.0189
14765,0.0189
14770,0.0189
14775,0.0189
14780,0.0189
14785,0.0189
14790,0.0189
14795,0.0189
14800,0.0189
14805,0.0189
14810,0.0189
14815,0.0189
14820,0.0189
14825,0.0189
14830,0.0189
14835,0.0189
14840,0.0189
14845,0.0189
14850,0.0189
14855,0.0189
14860,0.0189
14865,0.0189
14870,0.0189
14875,0.0189
14880,0.0189
14885,0.0189
14890,0.0189
14895,0.0189
14900,0.0189
14905,0.0189
14910,0.0189
14915,0.0189
14920,0.0189
14925,0.0189
14930,0.0189
14935,0.0189
14940,0.0189
14945,0.0189
14950,0.0189
14955,0.0189
14960,0.0189
14965,0.0189
14970,0.0189
14975,0.0189
14980,0.0189
14985,0.0189
14990,0.0189
14995,0.0189
15000,0.0189
15005,0.0189
15010,0.0189
15015,0.0189
15020,0.0189
15025,0.0189
15030,0.0189
15035,0.0189
15040,0.0189
15045,0.0189
15050,0.0189
15055,0.0189
15060,0.0189
15065,0.0189
15070,0.0189
15075,0.0189
15080,0.0189
15085,0.0189
15090,0.0189
15095,0.0189
15100,0.0189
15105,0.0189
15110,0.0189
15115,0.0189
15120,0.0189
15125,0.0189
15130,0.0189
15135,0.0189
15140,0.0189
15145,0.0189
15150,0.0189
15155,0.0189
15160,0.0189
15165,0.0189
15170,0.0189
15175,0.0189
15180,0.0189
15185,0.0189
15190,0.0189
15195,0.0189
15200,0.0189
15205,0.0189
15210,0.0189
15215,0.0189
15220,0.0189
15225,0.0189
15230,0.0189
15235,0.0189
15240,0.0189
15245,0.0189
15250,0.0189
15255,0.0189
15260,0.0189
15265,0.0189
15270,0.0189
15275,0.0189
15280,0.0189
15285,0.0189
15290,0.0189
15295,0.0189
15300,0.0189
15305,0.0189
15310,0.0189
15315,0.0189
15320,0.0189
15325,0.0189
15330,0.0189
15335,0.0189
15340,0.0189
15345,0.0189
15350,0.0189
15355,0.0189
15360,0.0189
15365,0.0189
15370,0.0189
15375,0.0189
15380,0.0189
15385,0.0189
15390,0.0189
15395,0.0189
15400,0.0189
15405,0.0189
15410,0.0189
15415,0.0189
15420,0.0189
15425,0.0189
15430,0.0189
15435,0.0189
15440,0.0189
15445,0.0189
15450,0.0189
15455,0.0189
15460,0.0189
15465,0.0189
15470,0.0189
15475,0.0189
15480,0.0189
15485,0.0189
15490,0.0189
15495,0.0189
15500,0.0189
15505,0.0189
15510,0.0189
15515,0.0189
15520,0.0189
15525,0.0189
15530,0.0189
15535,0.0189
15540,0.0189
15545,0.0189
15550,0.0189
15555,0.0189
15560,0.0189
15565,0.0189
15570,0.0189
15575,0.0189
15580,0.0189
15585,0.0189
15590,0.0189
15595,0.0189
15600,0.0189
15605,0.0189
15610,0.0189
15615,0.0189
15620,0.0189
15625,0.0189
15630,0.0189
15635,0.0189
15640,0.0189
15645,0.0189
15650,0.0189
15655,0.0189
15660,0.0189
15665,0.0189
15670,0.0189
15675,0.0189
15680,0.0189
15685,0.0189
15690,0.0189
15695,0.0189
15700,0.0189
15705,0.0189
15710,0.0189
15715,0.0189
15720,0.0189
15725,0.0189
15730,0.0189
15735,0.0189
15740,0.0189
15745,0.0189
15750,0.0189
15755,0.0189
15760,0.0189
15765,0.0189
15770,0.0189
15775,0.0189
15780,0.0189
15785,0.0189
15790,0.0189
15795,0.0189
15800,0.0189
15805,0.0189
15810,0.0189
15815,0.0189
15820,0.0189
15825,0.0189
15830,0.0189
15835,0.0189
15840,0.0189
15845,0.0189
15850,0.0189
15855,0.0189
15860,0.0189
15865,0.0189
15870,0.0189
15875,0.0189
15880,0.0189
15885,0.0189
15890,0.0189
15895,0.0189
15900,0.0189
15905,0.0189
15910,0.0189
15915,0.0189
15920,0.0189
15925,0.0189
15930,0.0189
15935,0.0189
15940,0.0189
15945,0.0189
15950,0.0189
15955,0.0189
15960,0.0189
15965,0.0189
15970,0.0189
15975,0.0189
15980,0.0189
15985,0.0189
15990,0.0189
15995,0.0189
16000,0.0189
16005,0.0189
16010,0.0189
16015,0.0189
16020,0.0189
16025,0.0189
16030,0.0189
16035,0.0189
16040,0.0189
16045,0.0189
16050,0.0189
16055,0.0189
16060,0.0189
16065,0.0189
16070,0.0189
16075,0.0189
16080,0.0189
16085,0.0189
16090,0.0189
16095,0.0189
16100,0.0189
16105,0.0189
16110,0.0189
16115,0.0189
16120,0.0189
16125,0.0189
16130,0.0189
16135,0.0189
16140,0.0189
16145,0.0189
16150,0.0189
16155,0.0189
16160,0.0189
16165,0.0189
16170,0.0189
16175,0.0189
16180,0.0189
16185,0.0189
16190,0.0189
16195,0.0189
16200,0.0189
16205,0.0189
16210,0.0189
16215,0.0189
16220,0.0189
16225,0.0189
16230,0.0189
16235,0.0189
16240,0.0189
16245,0.0189
16250,0.0189
16255,0.0189
16260,0.0189
16265,0.0189
16270,0.0189
16275,0.0189
16280,0.0189
16285,0.0189
16290,0.0189
16295,0.0189
16300,0.0189
16305,0.0189
16310,0.0189
16315,0.0189
16320,0.0189
16325,0.0189
16330,0.0189
16335,0.0189
16340,0.0189
16345,0.0189
16350,0.0189
16355,0.0189
16360,0.0189
16365,0.0189
16370,0.0189
16375,0.0189
16380,0.0189
16385,0.0189
16390,0.0189
16395,0.0189
16400,0.0189
16405,0.0189
16410,0.0189
16415,0.0189
16420,0.0189
16425,0.0189
16430,0.0189
16435,0.0189
16440,0.0189
16445,0.0189
16450,0.0189
16455,0.0189
16460,0.0189
16465,0.0189
16470,0.0189
16475,0.0189
16480,0.0189
16485,0.0189
16490,0.0189
16495,0.0189
16500,0.0189
16505,0.0189
16510,0.0189
16515,0.0189
16520,0.0189
16525,0.0189
16530,0.0189
16535,0.0189
16540,0.0189
16545,0.0189
16550,0.0189
16555,0.0189
16560,0.0189
16565,0.0189
16570,0.0189
16575,0.0189
16580,0.0189
16585,0.0189
16590,0.0189
16595,0.0189
16600,0.0189
16605,0.0189
16610,0.0189
16615,0.0189
16620,0.0189
16625,0.0189
16630,0.0189
16635,0.0189
16640,0.0189
16645,0.0189
16650,0.0189
16655,0.0189
16660,0.0189
16665,0.0189
16670,0.0189
16675,0.0189
16680,0.0189
16685,0.0189
16690,0.0189
16695,0.0189
16700,0.0189
16705,0.0189
16710,0.0189
16715,0.0189
16720,0.0189
16725,0.0189
16730,0.0189
16735,0.0189
16740,0.0189
16745,0.0189
16750,0.0189
16755,0.0189
16760,0.0189
16765,0.0189
16770,0.0189
16775,0.0189
16780,0.0189
16785,0.0189
16790,0.0189
16795,0.0189
16800,0.0189
16805,0.0189
16810,0.0189
16815,0.0189
16820,0.0189
16825,0.0189
16830,0.0189
16835,0.0189
16840,0.0189
16845,0.0189
16850,0.0189
16855,0.0189
16860,0.0189
16865,0.0189
16870,0.0189
16875,0.0189
16880,0.0189
16885,0.0189
16890,0.0189
16895,0.0189
16900,0.0189
16905,0.0189
16910,0.0189
16915,0.0189
16920,0.0189
16925,0.0189
16930,0.0189
16935,0.0189
16940,0.0189
16945,0.0189
16950,0.0189
16955,0.0189
16960,0.0189
16965,0.0189
16970,0.0189
16975,0.0189
16980,0.0189
16985,0.0189
16990,0.0189
16995,0.0189
17000,0.0189
17005,0.0189
17010,0.0189
17015,0.0189
17020,0.0189
17025,0.0189
17030,0.0189
17035,0.0189
17040,0.0189
17045,0.0189
17050,0.0189
17055,0.0189
17060,0.0189
17065,0.0189
17070,0.0189
17075,0.0189
17080,0.0189
17085,0.0189
17090,0.0189
17095,0.0189
17100,0.0189
17105,0.0189
17110,0.0189
17115,0.0189
17120,0.0189
17125,0.0189
17130,0.0189
17135,0.0189
17140,0.0189
17145,0.0189
17150,0.0189
17155,0.0189
17160,0.0189
17165,0.0189
17170,0.0189
17175,0.0189
17180,0.0189
17185,0.0189
17190,0.0189
17195,0.0189
17200,0.0189
17205,0.0189
17210,0.0189
17215,0.0189
17220,0.0189
17225,0.0189
17230,0.0189
17235,0.0189
17240,0.0189
17245,0.0189
17250,0.0189
17255,0.0189
17260,0.0189
17265,0.0189
17270,0.0189
17275,0.0189
17280,0.0189
17285,0.0189
17290,0.0189
17295,0.0189
17300,0.0189
17305,0.0189
17310,0.0189
17315,0.0189
17320,0.0189
17325,0.0189
17330,0.0189
17335,0.0189
17340,0.0189
17345,0.0189
17350,0.0189
17355,0.0189
17360,0.0189
17365,0.0189
17370,0.0189
17375,0.0189
17380,0.0189
17385,0.0189
17390,0.0189
17395,0.0189
17400,0.0189
17405,0.0189
17410,0.0189
17415,0.0189
17420,0.0189
17425,0.0189
17430,0.0189
17435,0.0189
17440,0.0189
17445,0.0189
17450,0.0189
17455,0.0189
17460,0.0189
17465,0.0189
17470,0.0189
17475,0.0189
17480,0.0189
17485,0.0189
17490,0.0189
17495,0.0189
17500,0.0189
17505,0.0189
17510,0.0189
17515,0.0189
17520,0.0189
17525,0.0189
17530,0.0189
17535,0.0189
17540,0.0189
17545,0.0189
17550,0.0189
17555,0.0189
17560,0.0189
17565,0.0189
17570,0.0189
17575,0.0189
17580,0.0189
17585,0.0189
17590,0.0189
17595,0.0189
17600,0.0189
17605,0.0189
17610,0.0189
17615,0.0189
17620,0.0189
17625,0.0189
17630,0.0189
17635,0.0189
17640,0.0189
17645,0.0189
17650,0.0189
17655,0.0189
17660,0.0189
17665,0.0189
17670,0.0189
17675,0.0189
17680,0.0189
17685,0.0189
17690,0.0189
17695,0.0189
17700,0.0189
17705,0.0189
17710,0.0189
17715,0.0189
17720,0.0189
17725,0.0189
17730,0.0189
17735,0.0189
17740,0.0189
17745,0.0189
17750,0.0189
17755,0.0189
17760,0.0189
17765,0.0189
17770,0.0189
17775,0.0189
17780,0.0189
17785,0.0189
17790,0.0189
17795,0.0189
17800,0.0189
17805,0.0189
17810,0.0189
17815,0.0189
17820,0.0189
17825,0.0189
17830,0.0189
17835,0.0189
17840,0.0189
17845,0.0189
17850,0.0189
17855,0.0189
17860,0.0189
17865,0.0189
17870,0.0189
17875,0.0189
17880,0.0189
17885,0.0189
17890,0.0189
17895,0.0189
17900,0.0189
17905,0.0189
17910,0.0189
17915,0.0189
17920,0.0189
17925,0.0189
17930,0.0189
17935,0.0189
17940,0.0189
17945,0.0189
17950,0.0189
17955,0.0189
17960,0.0189
17965,0.0189
17970,0.0189
17975,0.0189
17980,0.0189
17985,0.0189
17990,0.0189
17995,0.0189
18000,0.0189
18005,0.0189
18010,0.0189
18015,0.0189
18020,0.0189
18025,0.0189
18030,0.0189
18035,0.0189
18040,0.0189
18045,0.0189
18050,0.0189
18055,0.0189
18060,0.0189
18065,0.0189
18070,0.0189
18075,0.0189
18080,0.0189
18085,0.0189
18090,0.0189
18095,0.0189
18100,0.0189
18105,0.0189
18110,0.0189
18115,0.0189
18120,0.0189
18125,0.0189
18130,0.0189
18135,0.0189
18140,0.0189
18145,0.0189
18150,0.0189
18155,0.0189
18160,0.0189
18165,0.0189
18170,0.0189
18175,0.0189
18180,0.0189
18185,0.0189
18190,0.0189
18195,0.0189
18200,0.0189
18205,0.0189
18210,0.0189
18215,0.0189
18220,0.0189
18225,0.0189
18230,0.0189
18235,0.0189
18240,0.0189
18245,0.0189
18250,0.0189
18255,0.0189
18260,0.0189
18265,0.0189
18270,0.0189
18275,0.0189
18280,0.0189
18285,0.0189
18290,0.0189
18295,0.0189
18300,0.0189
18305,0.0189
18310,0.0189
18315,0.0189
18320,0.0189
18325,0.0189
18330,0.0189
18335,0.0189
18340,0.0189
18345,0.0189
18350,0.0189
18355,0.0189
18360,0.0189
18365,0.0189
18370,0.0189
18375,0.0189
18380,0.0189
18385,0.0189
18390,0.0189
18395,0.0189
18400,0.0189
18405,0.0189
18410,0.0189
18415,0.0189
18420,0.0189
18425,0.0189
18430,0.0189
18435,0.0189
18440,0.0189
18445,0.0189
18450,0.0189
18455,0.0189
18460,0.0189
18465,0.0189
18470,0.0189
18475,0.0189
18480,0.0189
18485,0.0189
18490,0.0189
18495,0.0189
18500,0.0189
18505,0.0189
18510,0.0189
18515,0.0189
18520,0.0189
18525,0.0189
18530,0.0189
18535,0.0189
18540,0.0189
18545,0.0189
18550,0.0189
18555,0.0189
18560,0.0189
18565,0.0189
18570,0.0189
18575,0.0189
18580,0.0189
18585,0.0189
18590,0.0189
18595,0.0189
18600,0.0189
18605,0.0189
18610,0.0189
18615,0.0189
18620,0.0189
18625,0.0189
18630,0.0189
18635,0.0189
18640,0.0189
18645,0.0189
18650,0.0189
18655,0.0189
18660,0.0189
18665,0.0189
18670,0.0189
18675,0.0189
18680,0.0189
18685,0.0189
18690,0.0189
18695,0.0189
18700,0.0189
18705,0.0189
18710,0.0189
18715,0.0189
18720,0.0189
18725,0.0189
18730,0.0189
18735,0.0189
18740,0.0189
18745,0.0189
18750,0.0189
18755,0.0189
18760,0.0189
18765,0.0189
18770,0.0189
18775,0.0189
18780,0.0189
18785,0.0189
18790,0.0189
18795,0.0189
18800,0.0189
18805,0.0189
18810,0.0189
18815,0.0189
18820,0.0189
18825,0.0189
18830,0.0189
18835,0.0189
18840,0.0189
18845,0.0189
18850,0.0189
18855,0.0189
18860,0.0189
18865,0.0189
18870,0.0189
18875,0.0189
18880,0.0189
18885,0.0189
18890,0.0189
18895,0.0189
18900,0.0189
18905,0.0189
18910,0.0189
18915,0.0189
18920,0.0189
18925,0.0189
18930,0.0189
18935,0.0189
18940,0.0189
18945,0.0189
18950,0.0189
18955,0.0189
18960,0.0189
18965,0.0189
18970,0.0189
18975,0.0189
18980,0.0189
18985,0.0189
18990,0.0189
18995,0.0189
19000,0.0189
19005,0.0189
19010,0.0189
19015,0.0189
19020,0.0189
19025,0.0189
19030,0.0189
19035,0.0189
19040,0.0189
19045,0.0189
19050,0.0189
19055,0.0189
19060,0.0189
19065,0.0189
19070,0.0189
19075,0.0189
19080,0.0189
19085,0.0189
19090,0.0189
19095,0.0189
19100,0.0189
19105,0.0189
19110,0.0189
19115,0.0189
19120,0.0189
19125,0.0189
19130,0.0189
19135,0.0189
19140,0.0189
19145,0.0189
19150,0.0189
19155,0.0189
19160,0.0189
19165,0.0189
19170,0.0189
19175,0.0189
19180,0.0189
19185,0.0189
19190,0.0189
19195,0.0189
19200,0.0189
19205,0.0189
19210,0.0189
19215,0.0189
19220,0.0189
19225,0.0189
19230,0.0189
19235,0.0189
19240,0.0189
19245,0.0189
19250,0.0189
19255,0.0189
19260,0.0189
19265,0.0189
19270,0.0189
19275,0.0189
19280,0.0189
19285,0.0189
19290,0.0189
19295,0.0189
19300,0.0189
19305,0.0189
19310,0.0189
19315,0.0189
19320,0.0189
19325,0.0189
19330,0.0189
19335,0.0189
19340,0.0189
19345,0.0189
19350,0.0189
19355,0.0189
19360,0.0189
19365,0.0189
19370,0.0189
19375,0.0189
19380,0.0189
19385,0.0189
19390,0.0189
19395,0.0189
19400,0.0189
19405,0.0189
19410,0.0189
19415,0.0189
19420,0.0189
19425,0.0189
19430,0.0189
19435,0.0189
19440,0.0189
19445,0.0189
19450,0.0189
19455,0.0189
19460,0.0189
19465,0.0189
19470,0.0189
19475,0.0189
19480,0.0189
19485,0.0189
19490,0.0189
19495,0.0189
19500,0.0189
19505,0.0189
19510,0.0189
19515,0.0189
19520,0.0189
19525,0.0189
19530,0.0189
19535,0.0189
19540,0.0189
19545,0.0189
19550,0.0189
19555,0.0189
19560,0.0189
19565,0.0189
19570,0.0189
19575,0.0189
19580,0.0189
19585,0.0189
19590,0.0189
19595,0.0189
19600,0.0189
19605,0.0189
19610,0.0189
19615,0.0189
19620,0.0189
19625,0.0189
19630,0.0189
19635,0.0189
19640,0.0189
19645,0.0189
19650,0.0189
19655,0.0189
19660,0.0189
19665,0.0189
19670,0.0189
19675,0.0189
19680,0.0189
19685,0.0189
19690,0.0189
19695,0.0189
19700,0.0189
19705,0.0189
19710,0.0189
19715,0.0189
19720,0.0189
19725,0.0189
19730,0.0189
19735,0.0189
19740,0.0189
19745,0.0189
19750,0.0189
19755,0.0189
19760,0.0189
19765,0.0189
19770,0.0189
19775,0.0189
19780,0.0189
19785,0.0189
19790,0.0189
19795,0.0189
19800,0.0189
19805,0.0189
19810,0.0189
19815,0.0189
19820,0.0189
19825,0.0189
19830,0.0189
19835,0.0189
19840,0.0189
19845,0.0189
19850,0.0189
19855,0.0189
19860,0.0189
19865,0.0189
19870,0.0189
19875,0.0189
19880,0.0189
19885,0.0189
19890,0.0189
19895,0.0189
19900,0.0189
19905,0.0189
19910,0.0189
19915,0.0189
19920,0.0189
19925,0.0189
19930,0.0189
19935,0.0189
19940,0.0189
19945,0.0189
19950,0.0189
19955,0.0189
19960,0.0189
19965,0.0189
19970,0.0189
19975,0.0189
19980,0.0189
19985,0.0189
19990,0.0189
19995,0.0189
20000,0.0189
20005,0.0189
20010,0.0189
20015,0.0189
20020,0.0189
20025,0.0189
20030,0.0189
20035,0.0189
20040,0.0189
20045,0.0189
20050,0.0189
20055,0.0189
20060,0.0189
20065,0.0189
20070,0.0189
20075,0.0189
20080,0.0189
20085,0.0189
20090,0.0189
20095,0.0189
20100,0.0189
20105,0.0189
20110,0.0189
20115,0.0189
20120,0.0189
20125,0.0189
20130,0.0189
20135,0.0189
20140,0.0189
20145,0.0189
20150,0.0189
20155,0.0189
20160,0.0189
20165,0.0189
20170,0.0189
20175,0.0189
20180,0.0189
20185,0.0189
20190,0.0189
20195,0.0189
20200,0.0189
20205,0.0189
20210,0.0189
20215,0.0189
20220,0.0189
20225,0.0189
20230,0.0189
20235,0.0189
20240,0.0189
20245,0.0189
20250,0.0189
20255,0.0189
20260,0.0189
20265,0.0189
20270,0.0189
20275,0.0189
20280,0.0189
20285,0.0189
20290,0.0189
20295,0.0189
20300,0.0189
20305,0.0189
20310,0.0189
20315,0.0189
20320,0.0189
20325,0.0189
20330,0.0189
20335,0.0189
20340,0.0189
20345,0.0189
20350,0.0189
20355,0.0189
20360,0.0189
20365,0.0189
20370,0.0189
20375,0.0189
20380,0.0189
20385,0.0189
20390,0.0189
20395,0.0189
20400,0.0189
20405,0.0189
20410,0.0189
20415,0.0189
20420,0.0189
20425,0.0189
20430,0.0189
20435,0.0189
20440,0.0189
20445,0.0189
20450,0.0189
20455,0.0189
20460,0.0189
20465,0.0189
20470,0.0189
20475,0.0189
20480,0.0189
20485,0.0189
20490,0.0189
20495,0.0189
20500,0.0189
20505,0.0189
20510,0.0189
20515,0.0189
20520,0.0189
20525,0.0189
20530,0.0189
20535,0.0189
20540,0.0189
20545,0.0189
20550,0.0189
20555,0.0189
20560,0.0189
20565,0.0189
20570,0.0189
20575,0.0189
20580,0.0189
20585,0.0189
20590,0.0189
20595,0.0189
20600,0.0189
20605,0.0189
20610,0.0189
20615,0.0189
20620,0.0189
20625,0.0189
20630,0.0189
20635,0.0189
20640,0.0189
20645,0.0189
20650,0.0189
20655,0.0189
20660,0.0189
20665,0.0189
20670,0.0189
20675,0.0189
20680,0.0189
20685,0.0189
20690,0.0189
20695,0.0189
20700,0.0189
20705,0.0189
20710,0.0189
20715,0.0189
20720,0.0189
20725,0.0189
20730,0.0189
20735,0.0189
20740,0.0189
20745,0.0189
20750,0.0189
20755,0.0189
20760,0.0189
20765,0.0189
20770,0.0189
20775,0.0189
20780,0.0189
20785,0.0189
20790,0.0189
20795,0.0189
20800,0.0189
20805,0.0189
20810,0.0189
20815,0.0189
20820,0.0189
20825,0.0189
20830,0.0189
20835,0.0189
20840,0.0189
20845,0.0189
20850,0.0189
20855,0.0189
20860,0.0189
20865,0.0189
20870,0.0189
20875,0.0189
20880,0.0189
20885,0.0189
20890,0.0189
20895,0.0189
20900,0.0189
20905,0.0189
20910,0.0189
20915,0.0189
20920,0.0189
20925,0.0189
20930,0.0189
20935,0.0189
20940,0.0189
20945,0.0189
20950,0.0189
20955,0.0189
20960,0.0189
20965,0.0189
20970,0.0189
20975,0.0189
20980,0.0189
20985,0.0189
20990,0.0189
20995,0.0189
21000,0.0189
21005,0.0189
21010,0.0189
21015,0.0189
21020,0.0189
21025,0.0189
21030,0.0189
21035,0.0189
21040,0.0189
21045,0.0189
21050,0.0189
21055,0.0189
21060,0.0189
21065,0.0189
21070,0.0189
21075,0.0189
21080,0.0189
21085,0.0189
21090,0.0189
21095,0.0189
21100,0.0189
21105,0.0189
21110,0.0189
21115,0.0189
21120,0.0189
21125,0.0189
21130,0.0189
21135,0.0189
21140,0.0189
21145,0.0189
21150,0.0189
21155,0.0189
21160,0.0189
21165,0.0189
21170,0.0189
21175,0.0189
21180,0.0189
21185,0.0189
21190,0.0189
21195,0.0189
21200,0.0189
21205,0.0189
21210,0.0189
21215,0.0189
21220,0.0189
21225,0.0189
21230,0.0189
21235,0.0189
21240,0.0189
21245,0.0189
21250,0.0189
21255,0.0189
21260,0.0189
21265,0.0189
21270,0.0189
21275,0.0189
21280,0.0189
21285,0.0189
21290,0.0189
21295,0.0189
21300,0.0189
21305,0.0189
21310,0.0189
21315,0.0189
21320,0.0189
21325,0.0189
21330,0.0189
21335,0.0189
21340,0.0189
21345,0.0189
21350,0.0189
21355,0.0189
21360,0.0189
21365,0.0189
21370,0.0189
21375,0.0189
21380,0.0189
21385,0.0189
21390,0.0189
21395,0.0189
21400,0.0189
21405,0.0189
21410,0.0189
21415,0.0189
21420,0.0189
21425,0.0189
21430,0.0189
21435,0.0189
21440,0.0189
21445,0.0189
21450,0.0189
21455,0.0189
21460,0.0189
21465,0.0189
21470,0.0189
21475,0.0189
21480,0.0189
21485,0.0189
21490,0.0189
21495,0.0189
21500,0.0189
21505,0.0189
21510,0.0189
21515,0.0189
21520,0.0189
21525,0.0189
21530,0.0189
21535,0.0189
21540,0.0189
21545,0.0189
21550,0.0189
21555,0.0189
21560,0.0189
21565,0.0189
21570,0.0189
21575,0.0189
21580,0.0189
21585,0.0189
21590,0.0189
21595,0.0189
21600,0.0189
21605,0.0189
21610,0.0189
21615,0.0189
21620,0.0189
21625,0.0189
21630,0.0189
21635,0.0189
21640,0.0189
21645,0.0189
21650,0.0189
21655,0.0189
21660,0.0189
21665,0.0189
21670,0.0189
21675,0.0189
21680,0.0189
21685,0.0189
21690,0.0189
21695,0.0189
21700,0.0189
21705,0.0189
21710,0.0189
21715,0.0189
21720,0.0189
21725,0.0189
21730,0.0189
21735,0.0189
21740,0.0189
21745,0.0189
21750,0.0189
21755,0.0189
21760,0.0189
21765,0.0189
21770,0.0189
21775,0.0189
21780,0.0189
21785,0.0189
21790,0.0189
21795,0.0189
21800,0.0189
21805,0.0189
21810,0.0189
21815,0.0189
21820,0.0189
21825,0.0189
21830,0.0189
21835,0.0189
21840,0.0189
21845,0.0189
21850,0.0189
21855,0.0189
21860,0.0189
21865,0.0189
21870,0.0189
21875,0.0189
21880,0.0189
21885,0.0189
21890,0.0189
21895,0.0189
21900,0.0189
21905,0.0189
21910,0.0189
21915,0.0189
21920,0.0189
21925,0.0189
21930,0.0189
21935,0.0189
21940,0.0189
21945,0.0189
21950,0.0189
21955,0.0189
21960,0.0189
21965,0.0189
21970,0.0189
21975,0.0189
21980,0.0189
21985,0.0189
21990,0.0189
21995,0.0189
22000,0.0189
22005,0.0189
22010,0.0189
22015,0.0189
22020,0.0189
22025,0.0189
22030,0.0189
22035,0.0189
22040,0.0189
22045,0.0189
22050,0.0189
22055,0.0189
22060,0.0189
22065,0.0189
22070,0.0189
22075,0.0189
22080,0.0189
22085,0.0189
22090,0.0189
22095,0.0189
22100,0.0189
22105,0.0189
22110,0.0189
22115,0.0189
22120,0.0189
22125,0.0189
22130,0.0189
22135,0.0189
22140,0.0189
22145,0.0189
22150,0.0189
22155,0.0189
22160,0.0189
22165,0.0189
22170,0.0189
22175,0.0189
22180,0.0189
22185,0.0189
22190,0.0189
22195,0.0189
22200,0.0189
22205,0.0189
22210,0.0189
22215,0.0189
22220,0.0189
22225,0.0189
22230,0.0189
22235,0.0189
22240,0.0189
22245,0.0189
22250,0.0189
22255,0.0189
22260,0.0189
22265,0.0189
22270,0.0189
22275,0.0189
22280,0.0189
22285,0.0189
22290,0.0189
22295,0.0189
22300,0.0189
22305,0.0189
22310,0.0189
22315,0.0189
22320,0.0189
22325,0.0189
22330,0.0189
22335,0.0189
22340,0.0189
22345,0.0189
22350,0.0189
22355,0.0189
22360,0.0189
22365,0.0189
22370,0.0189
22375,0.0189
22380,0.0189
22385,0.0189
22390,0.0189
22395,0.0189
22400,0.0189
22405,0.0189
22410,0.0189
22415,0.0189
22420,0.0189
22425,0.0189
22430,0.0189
22435,0.0189
22440,0.0189
22445,0.0189
22450,0.0189
22455,0.0189
22460,0.0189
22465,0.0189
22470,0.0189
22475,0.0189
22480,0.0189
22485,0.0189
22490,0.0189
22495,0.0189
22500,0.0189
22505,0.0189
22510,0.0189
22515,0.0189
22520,0.0189
22525,0.0189
22530,0.0189
22535,0.0189
22540,0.0189
22545,0.0189
22550,0.0189
22555,0.0189
22560,0.0189
22565,0.0189
22570,0.0189
22575,0.0189
22580,0.0189
22585,0.0189
22590,0.0189
22595,0.0189
22600,0.0189
22605,0.0189
22610,0.0189
22615,0.0189
22620,0.0189
22625,0.0189
22630,0.0189
22635,0.0189
22640,0.0189
22645,0.0189
22650,0.0189
22655,0.0189
22660,0.0189
22665,0.0189
22670,0.0189
22675,0.0189
22680,0.0189
22685,0.0189
22690,0.0189
22695,0.0189
22700,0.0189
22705,0.0189
22710,0.0189
22715,0.0189
22720,0.0189
22725,0.0189
22730,0.0189
22735,0.0189
22740,0.0189
22745,0.0189
22750,0.0189
22755,0.0189
22760,0.0189
22765,0.0189
22770,0.0189
22775,0.0189
22780,0.0189
22785,0.0189
22790,0.0189
22795,0.0189
22800,0.0189
22805,0.0189
22810,0.0189
22815,0.0189
22820,0.0189
22825,0.0189
22830,0.0189
22835,0.0189
22840,0.0189
22845,0.0189
22850,0.0189
22855,0.0189
22860,0.0189
22865,0.0189
22870,0.0189
22875,0.0189
22880,0.0189
22885,0.0189
22890,0.0189
22895,0.0189
22900,0.0189
22905,0.0189
22910,0.0189
22915,0.0189
22920,0.0189
22925,0.0189
22930,0.0189
22935,0.0189
22940,0.0189
22945,0.0189
22950,0.0189
22955,0.0189
22960,0.0189
22965,0.0189
22970,0.0189
22975,0.0189
22980,0.0189
22985,0.0189
22990,0.0189
22995,0.0189
23000,0.0189
23005,0.0189
23010,0.0189
23015,0.0189
23020,0.0189
23025,0.0189
23030,0.0189
23035,0.0189
23040,0.0189
23045,0.0189
23050,0.0189
23055,0.0189
23060,0.0189
23065,0.0189
23070,0.0189
23075,0.0189
23080,0.0189
23085,0.0189
23090,0.0189
23095,0.0189
23100,0.0189
23105,0.0189
23110,0.0189
23115,0.0189
23120,0.0189
23125,0.0189
23130,0.0189
23135,0.0189
23140,0.0189
23145,0.0189
23150,0.0189
23155,0.0189
23160,0.0189
23165,0.0189
23170,0.0189
23175,0.0189
23180,0.0189
23185,0.0189
23190,0.0189
23195,0.0189
23200,0.0189
23205,0.0189
23210,0.0189
23215,0.0189
23220,0.0189
23225,0.0189
23230,0.0189
23235,0.0189
23240,0.0189
23245,0.0189
23250,0.0189
23255,0.0189
23260,0.0189
23265,0.0189
23270,0.0189
23275,0.0189
23280,0.0189
23285,0.0189
23290,0.0189
23295,0.0189
23300,0.0189
23305,0.0189
23310,0.0189
23315,0.0189
23320,0.0189
23325,0.0189
23330,0.0189
23335,0.0189
23340,0.0189
23345,0.0189
23350,0.0189
23355,0.0189
23360,0.0189
23365,0.0189
23370,0.0189
23375,0.0189
23380,0.0189
23385,0.0189
23390,0.0189
23395,0.0189
23400,0.0189
23405,0.0189
23410,0.0189
23415,0.0189
23420,0.0189
23425,0.0189
23430,0.0189
23435,0.0189
23440,0.0189
23445,0.0189
23450,0.0189
23455,0.0189
23460,0.0189
23465,0.0189
23470,0.0189
23475,0.0189
23480,0.0189
23485,0.0189
23490,0.0189
23495,0.0189
23500,0.0189
23505,0.0189
23510,0.0189
23515,0.0189
23520,0.0189
23525,0.0189
23530,0.0189
23535,0.0189
23540,0.0189
23545,0.0189
23550,0.0189
23555,0.0189
23560,0.0189
23565,0.0189
23570,0.0189
23575,0.0189
23580,0.0189
23585,0.0189
23590,0.0189
23595,0.0189
23600,0.0189
23605,0.0189
23610,0.0189
23615,0.0189
23620,0.0189
23625,0.0189
23630,0.0189
23635,0.0189
23640,0.0189
23645,0.0189
23650,0.0189
23655,0.0189
23660,0.0189
23665,0.0189
23670,0.0189
23675,0.0189
23680,0.0189
23685,0.0189
23690,0.0189
23695,0.0189
23700,0.0189
23705,0.0189
23710,0.0189
23715,0.0189
23720,0.0189
23725,0.0189
23730,0.0189
23735,0.0189
23740,0.0189
23745,0.0189
23750,0.0189
23755,0.0189
23760,0.0189
23765,0.0189
23770,0.0189
23775,0.0189
23780,0.0189
23785,0.0189
23790,0.0189
23795,0.0189
23800,0.0189
23805,0.0189
23810,0.0189
23815,0.0189
23820,0.0189
23825,0.0189
23830,0.0189
23835,0.0189
23840,0.0189
23845,0.0189
23850,0.0189
23855,0.0189
23860,0.0189
23865,0.0189
23870,0.0189
23875,0.0189
23880,0.0189
23885,0.0189
23890,0.0189
23895,0.0189
23900,0.0189
23905,0.0189
23910,0.0189
23915,0.0189
23920,0.0189
23925,0.0189
23930,0.0189
23935,0.0189
23940,0.0189
23945,0.0189
23950,0.0189
23955,0.0189
23960,0.0189
23965,0.0189
23970,0.0189
23975,0.0189
23980,0.0189
23985,0.0189
23990,0.0189
23995,0.0189
24000,0.0189
24005,0.0189
24010,0.0189
24015,0.0189
24020,0.0189
24025,0.0189
24030,0.0189
24035,0.0189
24040,0.0189
24045,0.0189
24050,0.0189
24055,0.0189
24060,0.0189
24065,0.0189
24070,0.0189
24075,0.0189
24080,0.0189
24085,0.0189
24090,0.0189
24095,0.0189
24100,0.0189
24105,0.0189
24110,0.0189
24115,0.0189
24120,0.0189
24125,0.0189
24130,0.0189
24135,0.0189
24140,0.0189
24145,0.0189
24150,0.0189
24155,0.0189
24160,0.0189
24165,0.0189
24170,0.0189
24175,0.0189
24180,0.0189
24185,0.0189
24190,0.0189
24195,0.0189
24200,0.0189
24205,0.0189
24210,0.0189
24215,0.0189
24220,0.0189
24225,0.0189
24230,0.0189
24235,0.0189
24240,0.0189
24245,0.0189
24250,0.0189
24255,0.0189
24260,0.0189
24265,0.0189
24270,0.0189
24275,0.0189
24280,0.0189
24285,0.0189
24290,0.0189
24295,0.0189
24300,0.0189
24305,0.0189
24310,0.0189
24315,0.0189
24320,0.0189
24325,0.0189
24330,0.0189
24335,0.0189
24340,0.0189
24345,0.0189
24350,0.0189
24355,0.0189
24360,0.0189
24365,0.0189
24370,0.0189
24375,0.0189
24380,0.0189
24385,0.0189
24390,0.0189
24395,0.0189
24400,0.0189
24405,0.0189
24410,0.0189
24415,0.0189
24420,0.0189
24425,0.0189
24430,0.0189
24435,0.0189
24440,0.0189
24445,0.0189
24450,0.0189
24455,0.0189
24460,0.0189
24465,0.0189
24470,0.0189
24475,0.0189
24480,0.0189
24485,0.0189
24490,0.0189
24495,0.0189
24500,0.0189
24505,0.0189
24510,0.0189
24515,0.0189
24520,0.0189
24525,0.0189
24530,0.0189
24535,0.0189
24540,0.0189
24545,0.0189
24550,0.0189
24555,0.0189
24560,0.0189
24565,0.0189
24570,0.0189
24575,0.0189
24580,0.0189
24585,0.0189
24590,0.0189
24595,0.0189
24600,0.0189
24605,0.0189
24610,0.0189
24615,0.0189
24620,0.0189
24625,0.0189
24630,0.0189
24635,0.0189
24640,0.0189
24645,0.0189
24650,0.0189
24655,0.0189
24660,0.0189
24665,0.0189
24670,0.0189
24675,0.0189
24680,0.0189
24685,0.0189
24690,0.0189
24695,0.0189
24700,0.0189
24705,0.0189
24710,0.0189
24715,0.0189
24720,0.0189
24725,0.0189
24730,0.0189
24735,0.0189
24740,0.0189
24745,0.0189
24750,0.0189
24755,0.0189
24760,0.0189
24765,0.0189
24770,0.0189
24775,0.0189
24780,0.0189
24785,0.0189
24790,0.0189
24795,0.0189
24800,0.0189
24805,0.0189
24810,0.0189
24815,0.0189
24820,0.0189
24825,0.0189
24830,0.0189
24835,0.0189
24840,0.0189
24845,0.0189
24850,0.0189
24855,0.0189
24860,0.0189
24865,0.0189
24870,0.0189
24875,0.0189
24880,0.0189
24885,0.0189
24890,0.0189
24895,0.0189
24900,0.0189
24905,0.0189
24910,0.0189
24915,0.0189
24920,0.0189
24925,0.0189
24930,0.0189
24935,0.0189
24940,0.0189
24945,0.0189
24950,0.0189
24955,0.0189
24960,0.0189
24965,0.0189
24970,0.0189
24975,0.0189
24980,0.0189
24985,0.0189
24990,0.0189
24995,0.0189
25000,0.0189
25005,0.0189
25010,0.0189
25015,0.0189
25020,0.0189
25025,0.0189
25030,0.0189
25035,0.0189
25040,0.0189
25045,0.0189
25050,0.0189
25055,0.0189
25060,0.0189
25065,0.0189
25070,0.0189
25075,0.0189
25080,0.0189
25085,0.0189
25090,0.0189
25095,0.0189
25100,0.0189
25105,0.0189
25110,0.0189
25115,0.0189
25120,0.0189
25125,0.0189
25130,0.0189
25135,0.0189
25140,0.0189
25145,0.0189
25150,0.0189
25155,0.0189
25160,0.0189
25165,0.0189
25170,0.0189
25175,0.0189
25180,0.0189
25185,0.0189
25190,0.0189
25195,0.0189
25200,0.0189
25205,0.0189
25210,0.0189
25215,0.0189
25220,0.0189
25225,0.0189
25230,0.0189
25235,0.0189
25240,0.0189
25245,0.0189
25250,0.0189
25255,0.0189
25260,0.0189
25265,0.0189
25270,0.0189
25275,0.0189
25280,0.0189
25285,0.0189
25290,0.0189
25295,0.0189
25300,0.0189
25305,0.0189
25310,0.0189
25315,0.0189
25320,0.0189
25325,0.0189
25330,0.0189
25335,0.0189
25340,0.0189
25345,0.0189
25350,0.0189
25355,0.0189
25360,0.0189
25365,0.0189
25370,0.0189
25375,0.0189
25380,0.0189
25385,0.0189
25390,0.0189
25395,0.0189
25400,0.0189
25405,0.0189
25410,0.0189
25415,0.0189
25420,0.0189
25425,0.0189
25430,0.0189
25435,0.0189
25440,0.0189
25445,0.0189
25450,0.0189
25455,0.0189
25460,0.0189
25465,0.0189
25470,0.0189
25475,0.0189
25480,0.0189
25485,0.0189
25490,0.0189
25495,0.0189
25500,0.0189
25505,0.0189
25510,0.0189
25515,0.0189
25520,0.0189
25525,0.0189
25530,0.0189
25535,0.0189
25540,0.0189
25545,0.0189
25550,0.0189
25555,0.0189
25560,0.0189
25565,0.0189
25570,0.0189
25575,0.0189
25580,0.0189
25585,0.0189
25590,0.0189
25595,0.0189
25600,0.0189
25605,0.0189
25610,0.0189
25615,0.0189
25620,0.0189
25625,0.0189
25630,0.0189
25635,0.0189
25640,0.0189
25645,0.0189
25650,0.0189
25655,0.0189
25660,0.0189
25665,0.0189
25670,0.0189
25675,0.0189
25680,0.0189
25685,0.0189
25690,0.0189
25695,0.0189
25700,0.0189
25705,0.0189
25710,0.0189
25715,0.0189
25720,0.0189
25725,0.0189
25730,0.0189
25735,0.0189
25740,0.0189
25745,0.0189
25750,0.0189
25755,0.0189
25760,0.0189
25765,0.0189
25770,0.0189
25775,0.0189
25780,0.0189
25785,0.0189
25790,0.0189
25795,0.0189
25800,0.0189
25805,0.0189
25810,0.0189
25815,0.0189
25820,0.0189
25825,0.0189
25830,0.0189
25835,0.0189
25840,0.0189
25845,0.0189
25850,0.0189
25855,0.0189
25860,0.0189
25865,0.0189
25870,0.0189
25875,0.0189
25880,0.0189
25885,0.0189
25890,0.0189
25895,0.0189
25900,0.0189
25905,0.0189
25910,0.0189
25915,0.0189
25920,0.0189
25925,0.0189
25930,0.0189
25935,0.0189
25940,0.0189
25945,0.0189
25950,0.0189
25955,0.0189
25960,0.0189
25965,0.0189
25970,0.0189
25975,0.0189
25980,0.0189
25985,0.0189
25990,0.0189
25995,0.0189
26000,0.0189
26005,0.0189
26010,0.0189
26015,0.0189
26020,0.0189
26025,0.0189
26030,0.0189
26035,0.0189
26040,0.0189
26045,0.0189
26050,0.0189
26055,0.0189
26060,0.0189
26065,0.0189
26070,0.0189
26075,0.0189
26080,0.0189
26085,0.0189
26090,0.0189
26095,0.0189
26100,0.0189
26105,0.0189
26110,0.0189
26115,0.0189
26120,0.0189
26125,0.0189
26130,0.0189
26135,0.0189
26140,0.0189
26145,0.0189
26150,0.0189
26155,0.0189
26160,0.0189
26165,0.0189
26170,0.0189
26175,0.0189
26180,0.0189
26185,0.0189
26190,0.0189
26195,0.0189
26200,0.0189
26205,0.0189
26210,0.0189
26215,0.0189
26220,0.0189
26225,0.0189
26230,0.0189
26235,0.0189
26240,0.0189
26245,0.0189
26250,0.0189
26255,0.0189
26260,0.0189
26265,0.0189
26270,0.0189
26275,0.0189
26280,0.0189
26285,0.0189
26290,0.0189
26295,0.0189
26300,0.0189
26305,0.0189
26310,0.0189
26315,0.0189
26320,0.0189
26325,0.0189
26330,0.0189
26335,0.0189
26340,0.0189
26345,0.0189
26350,0.0189
26355,0.0189
26360,0.0189
26365,0.0189
26370,0.0189
26375,0.0189
26380,0.0189
26385,0.0189
26390,0.0189
26395,0.0189
26400,0.0189
26405,0.0189
26410,0.0189
26415,0.0189
26420,0.0189
26425,0.0189
26430,0.0189
26435,0.0189
26440,0.0189
26445,0.0189
26450,0.0189
26455,0.0189
26460,0.0189
26465,0.0189
26470,0.0189
26475,0.0189
26480,0.0189
26485,0.0189
26490,0.0189
26495,0.0189
26500,0.0189
26505,0.0189
26510,0.0189
26515,0.0189
26520,0.0189
26525,0.0189
26530,0.0189
26535,0.0189
26540,0.0189
26545,0.0189
26550,0.0189
26555,0.0189
26560,0.0189
26565,0.0189
26570,0.0189
26575,0.0189
26580,0.0189
26585,0.0189
26590,0.0189
26595,0.0189
26600,0.0189
26605,0.0189
26610,0.0189
26615,0.0189
26620,0.0189
26625,0.0189
26630,0.0189
26635,0.0189
26640,0.0189
26645,0.0189
26650,0.0189
26655,0.0189
26660,0.0189
26665,0.0189
26670,0.0189
26675,0.0189
26680,0.0189
26685,0.0189
26690,0.0189
26695,0.0189
26700,0.0189
26705,0.0189
26710,0.0189
26715,0.0189
26720,0.0189
26725,0.0189
26730,0.0189
26735,0.0189
26740,0.0189
26745,0.0189
26750,0.0189
26755,0.0189
26760,0.0189
26765,0.0189
26770,0.0189
26775,0.0189
26780,0.0189
26785,0.0189
26790,0.0189
26795,0.0189
26800,0.0189
26805,0.0189
26810,0.0189
26815,0.0189
26820,0.0189
26825,0.0189
26830,0.0189
26835,0.0189
26840,0.0189
26845,0.0189
26850,0.0189
26855,0.0189
26860,0.0189
26865,0.0189
26870,0.0189
26875,0.0189
26880,0.0189
26885,0.0189
26890,0.0189
26895,0.0189
26900,0.0189
26905,0.0189
26910,0.0189
26915,0.0189
26920,0.0189
26925,0.0189
26930,0.0189
26935,0.0189
26940,0.0189
26945,0.0189
26950,0.0189
26955,0.0189
26960,0.0189
26965,0.0189
26970,0.0189
26975,0.0189
26980,0.0189
26985,0.0189
26990,0.0189
26995,0.0189
27000,0.0189
27005,0.0189
27010,0.0189
27015,0.0189
27020,0.0189
27025,0.0189
27030,0.0189
27035,0.0189
27040,0.0189
27045,0.0189
27050,0.0189
27055,0.0189
27060,0.0189
27065,0.0189
27070,0.0189
27075,0.0189
27080,0.0189
27085,0.0189
27090,0.0189
27095,0.0189
27100,0.0189
27105,0.0189
27110,0.0189
27115,0.0189
27120,0.0189
27125,0.0189
27130,0.0189
27135,0.0189
27140,0.0189
27145,0.0189
27150,0.0189
27155,0.0189
27160,0.0189
27165,0.0189
27170,0.0189
27175,0.0189
27180,0.0189
27185,0.0189
27190,0.0189
27195,0.0189
27200,0.0189
27205,0.0189
27210,0.0189
27215,0.0189
27220,0.0189
27225,0.0189
27230,0.0189
27235,0.0189
27240,0.0189
27245,0.0189
27250,0.0189
27255,0.0189
27260,0.0189
27265,0.0189
27270,0.0189
27275,0.0189
27280,0.0189
27285,0.0189
27290,0.0189
27295,0.0189
27300,0.0189
27305,0.0189
27310,0.0189
27315,0.0189
27320,0.0189
27325,0.0189
27330,0.0189
27335,0.0189
27340,0.0189
27345,0.0189
27350,0.0189
27355,0.0189
27360,0.0189
27365,0.0189
27370,0.0189
27375,0.0189
27380,0.0189
27385,0.0189
27390,0.0189
27395,0.0189
27400,0.0189
27405,0.0189
27410,0.0189
27415,0.0189
27420,0.0189
27425,0.0189
27430,0.0189
27435,0.0189
27440,0.0189
27445,0.0189
27450,0.0189
27455,0.0189
27460,0.0189
27465,0.0189
27470,0.0189
27475,0.0189
27480,0.0189
27485,0.0189
27490,0.0189
27495,0.0189
27500,0.0189
27505,0.0189
27510,0.0189
27515,0.0189
27520,0.0189
27525,0.0189
27530,0.0189
27535,0.0189
27540,0.0189
27545,0.0189
27550,0.0189
27555,0.0189
27560,0.0189
27565,0.0189
27570,0.0189
27575,0.0189
27580,0.0189
27585,0.0189
27590,0.0189
27595,0.0189
27600,0.0189
27605,0.0189
27610,0.0189
27615,0.0189
27620,0.0189
27625,0.0189
27630,0.0189
27635,0.0189
27640,0.0189
27645,0.0189
27650,0.0189
27655,0.0189
27660,0.0189
27665,0.0189
27670,0.0189
27675,0.0189
27680,0.0189
27685,0.0189
27690,0.0189
27695,0.0189
27700,0.0189
27705,0.0189
27710,0.0189
27715,0.0189
27720,0.0189
27725,0.0189
27730,0.0189
27735,0.0189
27740,0.0189
27745,0.0189
27750,0.0189
27755,0.0189
27760,0.0189
27765,0.0189
27770,0.0189
27775,0.0189
27780,0.0189
27785,0.0189
27790,0.0189
27795,0.0189
27800,0.0189
27805,0.0189
27810,0.0189
27815,0.0189
27820,0.0189
27825,0.0189
27830,0.0189
27835,0.0189
27840,0.0189
27845,0.0189
27850,0.0189
27855,0.0189
27860,0.0189
27865,0.0189
27870,0.0189
27875,0.0189
27880,0.0189
27885,0.0189
27890,0.0189
27895,0.0189
27900,0.0189
27905,0.0189
27910,0.0189
27915,0.0189
27920,0.0189
27925,0.0189
27930,0.0189
27935,0.0189
27940,0.0189
27945,0.0189
27950,0.0189
27955,0.0189
27960,0.0189
27965,0.0189
27970,0.0189
27975,0.0189
27980,0.0189
27985,0.0189
27990,0.0189
27995,0.0189
28000,0.0189
28005,0.0189
28010,0.0189
28015,0.0189
28020,0.0189
28025,0.0189
28030,0.0189
28035,0.0189
28040,0.0189
28045,0.0189
28050,0.0189
28055,0.0189
28060,0.0189
28065,0.0189
28070,0.0189
28075,0.0189
28080,0.0189
28085,0.0189
28090,0.0189
28095,0.0189
28100,0.0189
28105,0.0189
28110,0.0189
28115,0.0189
28120,0.0189
28125,0.0189
28130,0.0189
28135,0.0189
28140,0.0189
28145,0.0189
28150,0.0189
28155,0.0189
28160,0.0189
28165,0.0189
28170,0.0189
28175,0.0189
28180,0.0189
28185,0.0189
28190,0.0189
28195,0.0189
28200,0.0189
28205,0.0189
28210,0.0189
28215,0.0189
28220,0.0189
28225,0.0189
28230,0.0189
28235,0.0189
28240,0.0189
28245,0.0189
28250,0.0189
28255,0.0189
28260,0.0189
28265,0.0189
28270,0.0189
28275,0.0189
28280,0.0189
28285,0.0189
28290,0.0189
28295,0.0189
28300,0.0189
28305,0.0189
28310,0.0189
28315,0.0189
28320,0.0189
28325,0.0189
28330,0.0189
28335,0.0189
28340,0.0189
28345,0.0189
28350,0.0189
28355,0.0189
28360,0.0189
28365,0.0189
28370,0.0189
28375,0.0189
28380,0.0189
28385,0.0189
28390,0.0189
28395,0.0189
28400,0.0189
28405,0.0189
28410,0.0189
28415,0.0189
28420,0.0189
28425,0.0189
28430,0.0189
28435,0.0189
28440,0.0189
28445,0.0189
28450,0.0189
28455,0.0189
28460,0.0189
28465,0.0189
28470,0.0189
28475,0.0189
28480,0.0189
28485,0.0189
28490,0.0189
28495,0.0189
28500,0.0189
28505,0.0189
28510,0.0189
28515,0.0189
28520,0.0189
28525,0.0189
28530,0.0189
28535,0.0189
28540,0.0189
28545,0.0189
28550,0.0189
28555,0.0189
28560,0.0189
28565,0.0189
28570,0.0189
28575,0.0189
28580,0.0189
28585,0.0189
28590,0.0189
28595,0.0189
28600,0.0189
28605,0.0189
28610,0.0189
28615,0.0189
28620,0.0189
28625,0.0189
28630,0.0189
28635,0.0189
28640,0.0189
28645,0.0189
28650,0.0189
28655,0.0189
28660,0.0189
28665,0.0189
28670,0.0189
28675,0.0189
28680,0.0189
28685,0.0189
28690,0.0189
28695,0.0189
28700,0.0189
28705,0.0189
28710,0.0189
28715,0.0189
28720,0.0189
28725,0.0189
28730,0.0189
28735,0.0189
28740,0.0189
28745,0.0189
28750,0.0189
28755,0.0189
28760,0.0189
28765,0.0189
28770,0.0189
28775,0.0189
28780,0.0189
28785,0.0189
28790,0.0189
28795,0.0189
28800,0.0189
28805,0.0189
28810,0.0189
28815,0.0189
28820,0.0189
28825,0.0189
28830,0.0189
28835,0.0189
28840,0.0189
28845,0.0189
28850,0.0189
28855,0.0189
28860,0.0189
28865,0.0189
28870,0.0189
28875,0.0189
28880,0.0189
28885,0.0189
28890,0.0189
28895,0.0189
28900,0.0189
28905,0.0189
28910,0.0189
28915,0.0189
28920,0.0189
28925,0.0189
28930,0.0189
28935,0.0189
28940,0.0189
28945,0.0189
28950,0.0189
28955,0.0189
28960,0.0189
28965,0.0189
28970,0.0189
28975,0.0189
28980,0.0189
28985,0.0189
28990,0.0189
28995,0.0189
29000,0.0189
29005,0.0189
29010,0.0189
29015,0.0189
29020,0.0189
29025,0.0189
29030,0.0189
29035,0.0189
29040,0.0189
29045,0.0189
29050,0.0189
29055,0.0189
29060,0.0189
29065,0.0189
29070,0.0189
29075,0.0189
29080,0.0189
29085,0.0189
29090,0.0189
29095,0.0189
29100,0.0189
29105,0.0189
29110,0.0189
29115,0.0189
29120,0.0189
29125,0.0189
29130,0.0189
29135,0.0189
29140,0.0189
29145,0.0189
29150,0.0189
29155,0.0189
29160,0.0189
29165,0.0189
29170,0.0189
29175,0.0189
29180,0.0189
29185,0.0189
29190,0.0189
29195,0.0189
29200,0.0189
29205,0.0189
29210,0.0189
29215,0.0189
29220,0.0189
29225,0.0189
29230,0.0189
29235,0.0189
29240,0.0189
29245,0.0189
29250,0.0189
29255,0.0189
29260,0.0189
29265,0.0189
29270,0.0189
29275,0.0189
29280,0.0189
29285,0.0189
29290,0.0189
29295,0.0189
29300,0.0189
29305,0.0189
29310,0.0189
29315,0.0189
29320,0.0189
29325,0.0189
29330,0.0189
29335,0.0189
29340,0.0189
29345,0.0189
29350,0.0189
29355,0.0189
29360,0.0189
29365,0.0189
29370,0.0189
29375,0.0189
29380,0.0189
29385,0.0189
29390,0.0189
29395,0.0189
29400,0.0189
29405,0.0189
29410,0.0189
29415,0.0189
29420,0.0189
29425,0.0189
29430,0.0189
29435,0.0189
29440,0.0189
29445,0.0189
29450,0.0189
29455,0.0189
29460,0.0189
29465,0.0189
29470,0.0189
29475,0.0189
29480,0.0189
29485,0.0189
29490,0.0189
29495,0.0189
29500,0.0189
29505,0.0189
29510,0.0189
29515,0.0189
29520,0.0189
29525,0.0189
29530,0.0189
29535,0.0189
29540,0.0189
29545,0.0189
29550,0.0189
29555,0.0189
29560,0.0189
29565,0.0189
29570,0.0189
29575,0.0189
29580,0.0189
29585,0.0189
29590,0.0189
29595,0.0189
29600,0.0189
29605,0.0189
29610,0.0189
29615,0.0189
29620,0.0189
29625,0.0189
29630,0.0189
29635,0.0189
29640,0.0189
29645,0.0189
29650,0.0189
29655,0.0189
29660,0.0189
29665,0.0189
29670,0.0189
29675,0.0189
29680,0.0189
29685,0.0189
29690,0.0189
29695,0.0189
29700,0.0189
29705,0.0189
29710,0.0189
29715,0.0189
29720,0.0189
29725,0.0189
29730,0.0189
29735,0.0189
29740,0.0189
29745,0.0189
29750,0.0189
29755,0.0189
29760,0.0189
29765,0.0189
29770,0.0189
29775,0.0189
29780,0.0189
29785,0.0189
29790,0.0189
29795,0.0189
29800,0.0189
29805,0.0189
29810,0.0189
29815,0.0189
29820,0.0189
29825,0.0189
29830,0.0189
29835,0.0189
29840,0.0189
29845,0.0189
29850,0.0189
29855,0.0189
29860,0.0189
29865,0.0189
29870,0.0189
29875,0.0189
29880,0.0189
29885,0.0189
29890,0.0189
29895,0.0189
29900,0.0189
29905,0.0189
29910,0.0189
29915,0.0189
29920,0.0189
29925,0.0189
29930,0.0189
29935,0.0189
29940,0.0189
29945,0.0189
29950,0.0189
29955,0.0189
29960,0.0189
29965,0.0189
29970,0.0189
29975,0.0189
29980,0.0189
29985,0.0189
29990,0.0189
29995,0.0189
30000,0.0189
30005,0.0189
30010,0.0189
30015,0.0189
30020,0.0189
30025,0.0189
30030,0.0189
30035,0.0189
30040,0.0189
30045,0.0189
30050,0.0189
30055,0.0189
30060,0.0189
30065,0.0189
30070,0.0189
30075,0.0189
30080,0.0189
30085,0.0189
30090,0.0189
30095,0.0189
30100,0.0189
30105,0.0189
30110,0.0189
30115,0.0189
30120,0.0189
30125,0.0189
30130,0.0189
30135,0.0189
30140,0.0189
30145,0.0189
30150,0.0189
30155,0.0189
30160,0.0189
30165,0.0189
30170,0.0189
30175,0.0189
30180,0.0189
30185,0.0189
30190,0.0189
30195,0.0189
30200,0.0189
30205,0.0189
30210,0.0189
30215,0.0189
30220,0.0189
30225,0.0189
30230,0.0189
30235,0.0189
30240,0.0189
30245,0.0189
30250,0.0189
30255,0.0189
30260,0.0189
30265,0.0189
30270,0.0189
30275,0.0189
30280,0.0189
30285,0.0189
30290,0.0189
30295,0.0189
30300,0.0189
30305,0.0189
30310,0.0189
30315,0.0189
30320,0.0189
30325,0.0189
30330,0.0189
30335,0.0189
30340,0.0189
30345,0.0189
30350,0.0189
30355,0.0189
30360,0.0189
30365,0.0189
30370,0.0189
30375,0.0189
30380,0.0189
30385,0.0189
30390,0.0189
30395,0.0189
30400,0.0189
30405,0.0189
30410,0.0189
30415,0.0189
30420,0.0189
30425,0.0189
30430,0.0189
30435,0.0189
30440,0.0189
30445,0.0189
30450,0.0189
30455,0.0189
30460,0.0189
30465,0.0189
30470,0.0189
30475,0.0189
30480,0.0189
30485,0.0189
30490,0.0189
30495,0.0189
30500,0.0189
30505,0.0189
30510,0.0189
30515,0.0189
30520,0.0189
30525,0.0189
30530,0.0189
30535,0.0189
30540,0.0189
30545,0.0189
30550,0.0189
30555,0.0189
30560,0.0189
30565,0.0189
30570,0.0189
30575,0.0189
30580,0.0189
30585,0.0189
30590,0.0189
30595,0.0189
30600,0.0189
30605,0.0189
30610,0.0189
30615,0.0189
30620,0.0189
30625,0.0189
30630,0.0189
30635,0.0189
30640,0.0189
30645,0.0189
30650,0.0189
30655,0.0189
30660,0.0189
30665,0.0189
30670,0.0189
30675,0.0189
30680,0.0189
30685,0.0189
30690,0.0189
30695,0.0189
30700,0.0189
30705,0.0189
30710,0.0189
30715,0.0189
30720,0.0189
30725,0.0189
30730,0.0189
30735,0.0189
30740,0.0189
30745,0.0189
30750,0.0189
30755,0.0189
30760,0.0189
30765,0.0189
30770,0.0189
30775,0.0189
30780,0.0189
30785,0.0189
30790,0.0189
30795,0.0189
30800,0.0189
30805,0.0189
30810,0.0189
30815,0.0189
30820,0.0189
30825,0.0189
30830,0.0189
30835,0.0189
30840,0.0189
30845,0.0189
30850,0.0189
30855,0.0189
30860,0.0189
30865,0.0189
30870,0.0189
30875,0.0189
30880,0.0189
30885,0.0189
30890,0.0189
30895,0.0189
30900,0.0189
30905,0.0189
30910,0.0189
30915,0.0189
30920,0.0189
30925,0.0189
30930,0.0189
30935,0.0189
30940,0.0189
30945,0.0189
30950,0.0189
30955,0.0189
30960,0.0189
30965,0.0189
30970,0.0189
30975,0.0189
30980,0.0189
30985,0.0189
30990,0.0189
30995,0.0189
31000,0.0189
31005,0.0189
31010,0.0189
31015,0.0189
31020,0.0189
31025,0.0189
31030,0.0189
31035,0.0189
31040,0.0189
31045,0.0189
31050,0.0189
31055,0.0189
31060,0.0189
31065,0.0189
31070,0.0189
31075,0.0189
31080,0.0189
31085,0.0189
31090,0.0189
31095,0.0189
31100,0.0189
31105,0.0189
31110,0.0189
31115,0.0189
31120,0.0189
31125,0.0189
31130,0.0189
31135,0.0189
31140,0.0189
31145,0.0189
31150,0.0189
31155,0.0189
31160,0.0189
31165,0.0189
31170,0.0189
31175,0.0189
31180,0.0189
31185,0.0189
31190,0.0189
31195,0.0189
31200,0.0189
31205,0.0189
31210,0.0189
31215,0.0189
31220,0.0189
31225,0.0189
31230,0.0189
31235,0.0189
31240,0.0189
31245,0.0189
31250,0.0189
31255,0.0189
31260,0.0189
31265,0.0189
31270,0.0189
31275,0.0189
31280,0.0189
31285,0.0189
31290,0.0189
31295,0.0189
31300,0.0189
31305,0.0189
31310,0.0189
31315,0.0189
31320,0.0189
31325,0.0189
31330,0.0189
31335,0.0189
31340,0.0189
31345,0.0189
31350,0.0189
31355,0.0189
31360,0.0189
31365,0.0189
31370,0.0189
31375,0.0189
31380,0.0189
31385,0.0189
31390,0.0189
31395,0.0189
31400,0.0189
31405,0.0189
31410,0.0189
31415,0.0189
31420,0.0189
31425,0.0189
31430,0.0189
31435,0.0189
31440,0.0189
31445,0.0189
31450,0.0189
31455,0.0189
31460,0.0189
31465,0.0189
31470,0.0189
31475,0.0189
31480,0.0189
31485,0.0189
31490,0.0189
31495,0.0189
31500,0.0189
31505,0.0189
31510,0.0189
31515,0.0189
31520,0.0189
31525,0.0189
31530,0.0189
31535,0.0189
31540,0.0189
31545,0.0189
31550,0.0189
31555,0.0189
31560,0.0189
31565,0.0189
31570,0.0189
31575,0.0189
31580,0.0189
31585,0.0189
31590,0.0189
31595,0.0189
31600,0.0189
31605,0.0189
31610,0.0189
31615,0.0189
31620,0.0189
31625,0.0189
31630,0.0189
31635,0.0189
31640,0.0189
31645,0.0189
31650,0.0189
31655,0.0189
31660,0.0189
31665,0.0189
31670,0.0189
31675,0.0189
31680,0.0189
31685,0.0189
31690,0.0189
31695,0.0189
31700,0.0189
31705,0.0189
31710,0.0189
31715,0.0189
31720,0.0189
31725,0.0189
31730,0.0189
31735,0.0189
31740,0.0189
31745,0.0189
31750,0.0189
31755,0.0189
31760,0.0189
31765,0.0189
31770,0.0189
31775,0.0189
31780,0.0189
31785,0.0189
31790,0.0189
31795,0.0189
31800,0.0189
31805,0.0189
31810,0.0189
31815,0.0189
31820,0.0189
31825,0.0189
31830,0.0189
31835,0.0189
31840,0.0189
31845,0.0189
31850,0.0189
31855,0.0189
31860,0.0189
31865,0.0189
31870,0.0189
31875,0.0189
31880,0.0189
31885,0.0189
31890,0.0189
31895,0.0189
31900,0.0189
31905,0.0189
31910,0.0189
31915,0.0189
31920,0.0189
31925,0.0189
31930,0.0189
31935,0.0189
31940,0.0189
31945,0.0189
31950,0.0189
31955,0.0189
31960,0.0189
31965,0.0189
31970,0.0189
31975,0.0189
31980,0.0189
31985,0.0189
31990,0.0189
31995,0.0189
32000,0.0189
32005,0.0189
32010,0.0189
32015,0.0189
32020,0.0189
32025,0.0189
32030,0.0189
32035,0.0189
32040,0.0189
32045,0.0189
32050,0.0189
32055,0.0189
32060,0.0189
32065,0.0189
32070,0.0189
32075,0.0189
32080,0.0189
32085,0.0189
32090,0.0189
32095,0.0189
32100,0.0189
32105,0.0189
32110,0.0189
32115,0.0189
32120,0.0189
32125,0.0189
32130,0.0189
32135,0.0189
32140,0.0189
32145,0.0189
32150,0.0189
32155,0.0189
32160,0.0189
32165,0.0189
32170,0.0189
32175,0.0189
32180,0.0189
32185,0.0189
32190,0.0189
32195,0.0189
32200,0.0189
32205,0.0189
32210,0.0189
32215,0.0189
32220,0.0189
32225,0.0189
32230,0.0189
32235,0.0189
32240,0.0189
32245,0.0189
32250,0.0189
32255,0.0189
32260,0.0189
32265,0.0189
32270,0.0189
32275,0.0189
32280,0.0189
32285,0.0189
32290,0.0189
32295,0.0189
32300,0.0189
32305,0.0189
32310,0.0189
32315,0.0189
32320,0.0189
32325,0.0189
32330,0.0189
32335,0.0189
32340,0.0189
32345,0.0189
32350,0.0189
32355,0.0189
32360,0.0189
32365,0.0189
32370,0.0189
32375,0.0189
32380,0.0189
32385,0.0189
32390,0.0189
32395,0.0189
32400,0.0189
32405,0.0189
32410,0.0189
32415,0.0189
32420,0.0189
32425,0.0189
32430,0.0189
32435,0.0189
32440,0.0189
32445,0.0189
32450,0.0189
32455,0.0189
32460,0.0189
32465,0.0189
32470,0.0189
32475,0.0189
32480,0.0189
32485,0.0189
32490,0.0189
32495,0.0189
32500,0.0189
32505,0.0189
32510,0.0189
32515,0.0189
32520,0.0189
32525,0.0189
32530,0.0189
32535,0.0189
32540,0.0189
32545,0.0189
32550,0.0189
32555,0.0189
32560,0.0189
32565,0.0189
32570,0.0189
32575,0.0189
32580,0.0189
32585,0.0189
32590,0.0189
32595,0.0189
32600,0.0189
32605,0.0189
32610,0.0189
32615,0.0189
32620,0.0189
32625,0.0189
32630,0.0189
32635,0.0189
32640,0.0189
32645,0.0189
32650,0.0189
32655,0.0189
32660,0.0189
32665,0.0189
32670,0.0189
32675,0.0189
32680,0.0189
32685,0.0189
32690,0.0189
32695,0.0189
32700,0.0189
32705,0.0189
32710,0.0189
32715,0.0189
32720,0.0189
32725,0.0189
32730,0.0189
32735,0.0189
32740,0.0189
32745,0.0189
32750,0.0189
32755,0.0189
32760,0.0189
32765,0.0189
32770,0.0189
32775,0.0189
32780,0.0189
32785,0.0189
32790,0.0189
32795,0.0189
32800,0.0189
32805,0.0189
32810,0.0189
32815,0.0189
32820,0.0189
32825,0.0189
32830,0.0189
32835,0.0189
32840,0.0189
32845,0.0189
32850,0.0189
32855,0.0189
32860,0.0189
32865,0.0189
32870,0.0189
32875,0.0189
32880,0.0189
32885,0.0189
32890,0.0189
32895,0.0189
32900,0.0189
32905,0.0189
32910,0.0189
32915,0.0189
32920,0.0189
32925,0.0189
32930,0.0189
32935,0.0189
32940,0.0189
32945,0.0189
32950,0.0189
32955,0.0189
32960,0.0189
32965,0.0189
32970,0.0189
32975,0.0189
32980,0.0189
32985,0.0189
32990,0.0189
32995,0.0189
33000,0.0189
33005,0.0189
33010,0.0189
33015,0.0189
33020,0.0189
33025,0.0189
33030,0.0189
33035,0.0189
33040,0.0189
33045,0.0189
33050,0.0189
33055,0.0189
33060,0.0189
33065,0.0189
33070,0.0189
33075,0.0189
33080,0.0189
33085,0.0189
33090,0.0189
33095,0.0189
33100,0.0189
33105,0.0189
33110,0.0189
33115,0.0189
33120,0.0189
33125,0.0189
33130,0.0189
33135,0.0189
33140,0.0189
33145,0.0189
33150,0.0189
33155,0.0189
33160,0.0189
33165,0.0189
33170,0.0189
33175,0.0189
33180,0.0189
33185,0.0189
33190,0.0189
33195,0.0189
33200,0.0189
33205,0.0189
33210,0.0189
33215,0.0189
33220,0.0189
33225,0.0189
33230,0.0189
33235,0.0189
33240,0.0189
33245,0.0189
33250,0.0189
33255,0.0189
33260,0.0189
33265,0.0189
33270,0.0189
33275,0.0189
33280,0.0189
33285,0.0189
33290,0.0189
33295,0.0189
33300,0.0189
33305,0.0189
33310,0.0189
33315,0.0189
33320,0.0189
33325,0.0189
33330,0.0189
33335,0.0189
33340,0.0189
33345,0.0189
33350,0.0189
33355,0.0189
33360,0.0189
33365,0.0189
33370,0.0189
33375,0.0189
33380,0.0189
33385,0.0189
33390,0.0189
33395,0.0189
33400,0.0189
33405,0.0189
33410,0.0189
33415,0.0189
33420,0.0189
33425,0.0189
33430,0.0189
33435,0.0189
33440,0.0189
33445,0.0189
33450,0.0189
33455,0.0189
33460,0.0189
33465,0.0189
33470,0.0189
33475,0.0189
33480,0.0189
33485,0.0189
33490,0.0189
33495,0.0189
33500,0.0189
33505,0.0189
33510,0.0189
33515,0.0189
33520,0.0189
33525,0.0189
33530,0.0189
33535,0.0189
33540,0.0189
33545,0.0189
33550,0.0189
33555,0.0189
33560,0.0189
33565,0.0189
33570,0.0189
33575,0.0189
33580,0.0189
33585,0.0189
33590,0.0189
33595,0.0189
33600,0.0189
33605,0.0189
33610,0.0189
33615,0.0189
33620,0.0189
33625,0.0189
33630,0.0189
33635,0.0189
33640,0.0189
33645,0.0189
33650,0.0189
33655,0.0189
33660,0.0189
33665,0.0189
33670,0.0189
33675,0.0189
33680,0.0189
33685,0.0189
33690,0.0189
33695,0.0189
33700,0.0189
33705,0.0189
33710,0.0189
33715,0.0189
33720,0.0189
33725,0.0189
33730,0.0189
33735,0.0189
33740,0.0189
33745,0.0189
33750,0.0189
33755,0.0189
33760,0.0189
33765,0.0189
33770,0.0189
33775,0.0189
33780,0.0189
33785,0.0189
33790,0.0189
33795,0.0189
33800,0.0189
33805,0.0189
33810,0.0189
33815,0.0189
33820,0.0189
33825,0.0189
33830,0.0189
33835,0.0189
33840,0.0189
33845,0.0189
33850,0.0189
33855,0.0189
33860,0.0189
33865,0.0189
33870,0.0189
33875,0.0189
33880,0.0189
33885,0.0189
33890,0.0189
33895,0.0189
33900,0.0189
33905,0.0189
33910,0.0189
33915,0.0189
33920,0.0189
33925,0.0189
33930,0.0189
33935,0.0189
33940,0.0189
33945,0.0189
33950,0.0189
33955,0.0189
33960,0.0189
33965,0.0189
33970,0.0189
33975,0.0189
33980,0.0189
33985,0.0189
33990,0.0189
33995,0.0189
34000,0.0189
34005,0.0189
34010,0.0189
34015,0.0189
34020,0.0189
34025,0.0189
34030,0.0189
34035,0.0189
34040,0.0189
34045,0.0189
34050,0.0189
34055,0.0189
34060,0.0189
34065,0.0189
34070,0.0189
34075,0.0189
34080,0.0189
34085,0.0189
34090,0.0189
34095,0.0189
34100,0.0189
34105,0.0189
34110,0.0189
34115,0.0189
34120,0.0189
34125,0.0189
34130,0.0189
34135,0.0189
34140,0.0189
34145,0.0189
34150,0.0189
34155,0.0189
34160,0.0189
34165,0.0189
34170,0.0189
34175,0.0189
34180,0.0189
34185,0.0189
34190,0.0189
34195,0.0189
34200,0.0189
34205,0.0189
34210,0.0189
34215,0.0189
34220,0.0189
34225,0.0189
34230,0.0189
34235,0.0189
34240,0.0189
34245,0.0189
34250,0.0189
34255,0.0189
34260,0.0189
34265,0.0189
34270,0.0189
34275,0.0189
34280,0.0189
34285,0.0189
34290,0.0189
34295,0.0189
34300,0.0189
34305,0.0189
34310,0.0189
34315,0.0189
34320,0.0189
34325,0.0189
34330,0.0189
34335,0.0189
34340,0.0189
34345,0.0189
34350,0.0189
34355,0.0189
34360,0.0189
34365,0.0189
34370,0.0189
34375,0.0189
34380,0.0189
34385,0.0189
34390,0.0189
34395,0.0189
34400,0.0189
34405,0.0189
34410,0.0189
34415,0.0189
34420,0.0189
34425,0.0189
34430,0.0189
34435,0.0189
34440,0.0189
34445,0.0189
34450,0.0189
34455,0.0189
34460,0.0189
34465,0.0189
34470,0.0189
34475,0.0189
34480,0.0189
34485,0.0189
34490,0.0189
34495,0.0189
34500,0.0189
34505,0.0189
34510,0.0189
34515,0.0189
34520,0.0189
34525,0.0189
34530,0.0189
34535,0.0189
34540,0.0189
34545,0.0189
34550,0.0189
34555,0.0189
34560,0.0189
34565,0.0189
34570,0.0189
34575,0.0189
34580,0.0189
34585,0.0189
34590,0.0189
34595,0.0189
34600,0.0189
34605,0.0189
34610,0.0189
34615,0.0189
34620,0.0189
34625,0.0189
34630,0.0189
34635,0.0189
34640,0.0189
34645,0.0189
34650,0.0189
34655,0.0189
34660,0.0189
34665,0.0189
34670,0.0189
34675,0.0189
34680,0.0189
34685,0.0189
34690,0.0189
34695,0.0189
34700,0.0189
34705,0.0189
34710,0.0189
34715,0.0189
34720,0.0189
34725,0.0189
34730,0.0189
34735,0.0189
34740,0.0189
34745,0.0189
34750,0.0189
34755,0.0189
34760,0.0189
34765,0.0189
34770,0.0189
34775,0.0189
34780,0.0189
34785,0.0189
34790,0.0189
34795,0.0189
34800,0.0189
34805,0.0189
34810,0.0189
34815,0.0189
34820,0.0189
34825,0.0189
34830,0.0189
34835,0.0189
34840,0.0189
34845,0.0189
34850,0.0189
34855,0.0189
34860,0.0189
34865,0.0189
34870,0.0189
34875,0.0189
34880,0.0189
34885,0.0189
34890,0.0189
34895,0.0189
34900,0.0189
34905,0.0189
34910,0.0189
34915,0.0189
34920,0.0189
34925,0.0189
34930,0.0189
34935,0.0189
34940,0.0189
34945,0.0189
34950,0.0189
34955,0.0189
34960,0.0189
34965,0.0189
34970,0.0189
34975,0.0189
34980,0.0189
34985,0.0189
34990,0.0189
34995,0.0189
35000,0.0189
35005,0.0189
35010,0.0189
35015,0.0189
35020,0.0189
35025,0.0189
35030,0.0189
35035,0.0189
35040,0.0189
35045,0.0189
35050,0.0189
35055,0.0189
35060,0.0189
35065,0.0189
35070,0.0189
35075,0.0189
35080,0.0189
35085,0.0189
35090,0.0189
35095,0.0189
35100,0.0189
35105,0.0189
35110,0.0189
35115,0.0189
35120,0.0189
35125,0.0189
35130,0.0189
35135,0.0189
35140,0.0189
35145,0.0189
35150,0.0189
35155,0.0189
35160,0.0189
35165,0.0189
35170,0.0189
35175,0.0189
35180,0.0189
35185,0.0189
35190,0.0189
35195,0.0189
35200,0.0189
35205,0.0189
35210,0.0189
35215,0.0189
35220,0.0189
35225,0.0189
35230,0.0189
35235,0.0189
35240,0.0189
35245,0.0189
35250,0.0189
35255,0.0189
35260,0.0189
35265,0.0189
35270,0.0189
35275,0.0189
35280,0.0189
35285,0.0189
35290,0.0189
35295,0.0189
35300,0.0189
35305,0.0189
35310,0.0189
35315,0.0189
35320,0.0189
35325,0.0189
35330,0.0189
35335,0.0189
35340,0.0189
35345,0.0189
35350,0.0189
35355,0.0189
35360,0.0189
35365,0.0189
35370,0.0189
35375,0.0189
35380,0.0189
35385,0.0189
35390,0.0189
35395,0.0189
35400,0.0189
35405,0.0189
35410,0.0189
35415,0.0189
35420,0.0189
35425,0.0189
35430,0.0189
35435,0.0189
35440,0.0189
35445,0.0189
35450,0.0189
35455,0.0189
35460,0.0189
35465,0.0189
35470,0.0189
35475,0.0189
35480,0.0189
35485,0.0189
35490,0.0189
35495,0.0189
35500,0.0189
35505,0.0189
35510,0.0189
35515,0.0189
35520,0.0189
35525,0.0189
35530,0.0189
35535,0.0189
35540,0.0189
35545,0.0189
35550,0.0189
35555,0.0189
35560,0.0189
35565,0.0189
35570,0.0189
35575,0.0189
35580,0.0189
35585,0.0189
35590,0.0189
35595,0.0189
35600,0.0189
35605,0.0189
35610,0.0189
35615,0.0189
35620,0.0189
35625,0.0189
35630,0.0189
35635,0.0189
35640,0.0189
35645,0.0189
35650,0.0189
35655,0.0189
35660,0.0189
35665,0.0189
35670,0.0189
35675,0.0189
35680,0.0189
35685,0.0189
35690,0.0189
35695,0.0189
35700,0.0189
35705,0.0189
35710,0.0189
35715,0.0189
35720,0.0189
35725,0.0189
35730,0.0189
35735,0.0189
35740,0.0189
35745,0.0189
35750,0.0189
35755,0.0189
35760,0.0189
35765,0.0189
35770,0.0189
35775,0.0189
35780,0.0189
35785,0.0189
35790,0.0189
35795,0.0189
35800,0.0189
35805,0.0189
35810,0.0189
35815,0.0189
35820,0.0189
35825,0.0189
35830,0.0189
35835,0.0189
35840,0.0189
35845,0.0189
35850,0.0189
35855,0.0189
35860,0.0189
35865,0.0189
35870,0.0189
35875,0.0189
35880,0.0189
35885,0.0189
35890,0.0189
35895,0.0189
35900,0.0189
35905,0.0189
35910,0.0189