step_size,residual_node_ratio
5,0.8049022035157217
10,0.7204753651894034
15,0.692993315177024
20,0.6855657340925971
25,0.6825947016588264
30,0.6813567714780886
35,0.6811091854419411
40,0.6808615994057935
45,0.6808615994057935
50,0.6808615994057935
55,0.6808615994057935
60,0.6808615994057935
65,0.6808615994057935
70,0.6808615994057935
75,0.6808615994057935
80,0.6808615994057935
85,0.6808615994057935
90,0.6808615994057935
95,0.6808615994057935
100,0.6808615994057935
105,0.6808615994057935
110,0.6808615994057935
115,0.6808615994057935
120,0.6808615994057935
125,0.6808615994057935
130,0.6808615994057935
135,0.6808615994057935
140,0.6808615994057935
145,0.6808615994057935
150,0.6808615994057935
155,0.6808615994057935
160,0.6808615994057935
165,0.6808615994057935
170,0.6808615994057935
175,0.6808615994057935
180,0.6808615994057935
185,0.6808615994057935
190,0.6808615994057935
195,0.6808615994057935
200,0.6808615994057935
205,0.6808615994057935
210,0.6808615994057935
215,0.6808615994057935
220,0.6808615994057935
225,0.6808615994057935
230,0.6808615994057935
235,0.6808615994057935
240,0.6808615994057935
245,0.6808615994057935
250,0.6808615994057935
255,0.6808615994057935
260,0.6808615994057935
265,0.6808615994057935
270,0.6808615994057935
275,0.6808615994057935
280,0.6808615994057935
285,0.6808615994057935
290,0.6808615994057935
295,0.6808615994057935
300,0.6808615994057935
305,0.6808615994057935
310,0.6808615994057935
315,0.6808615994057935
320,0.6808615994057935
325,0.6808615994057935
330,0.6808615994057935
335,0.6808615994057935
340,0.6808615994057935
345,0.6808615994057935
350,0.6808615994057935
355,0.6808615994057935
360,0.6808615994057935
365,0.6808615994057935
370,0.6808615994057935
375,0.6808615994057935
380,0.6808615994057935
385,0.6808615994057935
390,0.6808615994057935
395,0.6808615994057935
400,0.6808615994057935
405,0.6808615994057935
410,0.6808615994057935
415,0.6808615994057935
420,0.6808615994057935
425,0.6808615994057935
430,0.6808615994057935
435,0.6808615994057935
440,0.6808615994057935
445,0.6808615994057935
450,0.6808615994057935
455,0.6808615994057935
460,0.6808615994057935
465,0.6808615994057935
470,0.6808615994057935
475,0.6808615994057935
480,0.6808615994057935
485,0.6808615994057935
490,0.6808615994057935
495,0.6808615994057935
500,0.6808615994057935
505,0.6808615994057935
510,0.6808615994057935
515,0.6808615994057935
520,0.6808615994057935
525,0.6808615994057935
530,0.6808615994057935
535,0.6808615994057935
540,0.6808615994057935
545,0.6808615994057935
550,0.6808615994057935
555,0.6808615994057935
560,0.6808615994057935
565,0.6808615994057935
570,0.6808615994057935
575,0.6808615994057935
580,0.6808615994057935
585,0.6808615994057935
590,0.6808615994057935
595,0.6808615994057935
600,0.6808615994057935
605,0.6808615994057935
610,0.6808615994057935
615,0.6808615994057935
620,0.6808615994057935
625,0.6808615994057935
630,0.6808615994057935
635,0.6808615994057935
640,0.6808615994057935
645,0.6808615994057935
650,0.6808615994057935
655,0.6808615994057935
660,0.6808615994057935
665,0.6808615994057935
670,0.6808615994057935
675,0.6808615994057935
680,0.6808615994057935
685,0.6808615994057935
690,0.6808615994057935
695,0.6808615994057935
700,0.6808615994057935
705,0.6808615994057935
710,0.6808615994057935
715,0.6808615994057935
720,0.6808615994057935
725,0.6808615994057935
730,0.6808615994057935
735,0.6808615994057935
740,0.6808615994057935
745,0.6808615994057935
750,0.6808615994057935
755,0.6808615994057935
760,0.6808615994057935
765,0.6808615994057935
770,0.6808615994057935
775,0.6808615994057935
780,0.6808615994057935
785,0.6808615994057935
790,0.6808615994057935
795,0.6808615994057935
800,0.6808615994057935
805,0.6808615994057935
810,0.6808615994057935
815,0.6808615994057935
820,0.6808615994057935
825,0.6808615994057935
830,0.6808615994057935
835,0.6808615994057935
840,0.6808615994057935
845,0.6808615994057935
850,0.6808615994057935
855,0.6808615994057935
860,0.6808615994057935
865,0.6808615994057935
870,0.6808615994057935
875,0.6808615994057935
880,0.6808615994057935
885,0.6808615994057935
890,0.6808615994057935
895,0.6808615994057935
900,0.6808615994057935
905,0.6808615994057935
910,0.6808615994057935
915,0.6808615994057935
920,0.6808615994057935
925,0.6808615994057935
930,0.6808615994057935
935,0.6808615994057935
940,0.6808615994057935
945,0.6808615994057935
950,0.6808615994057935
955,0.6808615994057935
960,0.6808615994057935
965,0.6808615994057935
970,0.6808615994057935
975,0.6808615994057935
980,0.6808615994057935
985,0.6808615994057935
990,0.6808615994057935
995,0.6808615994057935
1000,0.6808615994057935
1005,0.6808615994057935
1010,0.6808615994057935
1015,0.6808615994057935
1020,0.6808615994057935
1025,0.6808615994057935
1030,0.6808615994057935
1035,0.6808615994057935
1040,0.6808615994057935
1045,0.6808615994057935
1050,0.6808615994057935
1055,0.6808615994057935
1060,0.6808615994057935
1065,0.6808615994057935
1070,0.6808615994057935
1075,0.6808615994057935
1080,0.6808615994057935
1085,0.6808615994057935
1090,0.6808615994057935
1095,0.6808615994057935
1100,0.6808615994057935
1105,0.6808615994057935
1110,0.6808615994057935
1115,0.6808615994057935
1120,0.6808615994057935
1125,0.6808615994057935
1130,0.6808615994057935
1135,0.6808615994057935
1140,0.6808615994057935
1145,0.6808615994057935
1150,0.6808615994057935
1155,0.6808615994057935
1160,0.6808615994057935
1165,0.6808615994057935
1170,0.6808615994057935
1175,0.6808615994057935
1180,0.6808615994057935
1185,0.6808615994057935
1190,0.6808615994057935
1195,0.6808615994057935
1200,0.6808615994057935
1205,0.6808615994057935
1210,0.6808615994057935
1215,0.6808615994057935
1220,0.6808615994057935
1225,0.6808615994057935
1230,0.6808615994057935
1235,0.6808615994057935
1240,0.6808615994057935
1245,0.6808615994057935
1250,0.6808615994057935
1255,0.6808615994057935
1260,0.6808615994057935
1265,0.6808615994057935
1270,0.6808615994057935
1275,0.6808615994057935
1280,0.6808615994057935
1285,0.6808615994057935
1290,0.6808615994057935
1295,0.6808615994057935
1300,0.6808615994057935
1305,0.6808615994057935
1310,0.6808615994057935
1315,0.6808615994057935
1320,0.6808615994057935
1325,0.6808615994057935
1330,0.6808615994057935
1335,0.6808615994057935
1340,0.6808615994057935
1345,0.6808615994057935
1350,0.6808615994057935
1355,0.6808615994057935
1360,0.6808615994057935
1365,0.6808615994057935
1370,0.6808615994057935
1375,0.6808615994057935
1380,0.6808615994057935
1385,0.6808615994057935
1390,0.6808615994057935
1395,0.6808615994057935
1400,0.6808615994057935
1405,0.6808615994057935
1410,0.6808615994057935
1415,0.6808615994057935
1420,0.6808615994057935
1425,0.6808615994057935
1430,0.6808615994057935
1435,0.6808615994057935
1440,0.6808615994057935
1445,0.6808615994057935
1450,0.6808615994057935
1455,0.6808615994057935
1460,0.6808615994057935
1465,0.6808615994057935
1470,0.6808615994057935
1475,0.6808615994057935
1480,0.6808615994057935
1485,0.6808615994057935
1490,0.6808615994057935
1495,0.6808615994057935
1500,0.6808615994057935
1505,0.6808615994057935
1510,0.6808615994057935
1515,0.6808615994057935
1520,0.6808615994057935
1525,0.6808615994057935
1530,0.6808615994057935
1535,0.6808615994057935
1540,0.6808615994057935
1545,0.6808615994057935
1550,0.6808615994057935
1555,0.6808615994057935
1560,0.6808615994057935
1565,0.6808615994057935
1570,0.6808615994057935
1575,0.6808615994057935
1580,0.6808615994057935
1585,0.6808615994057935
1590,0.6808615994057935
1595,0.6808615994057935
1600,0.6808615994057935
1605,0.6808615994057935
1610,0.6808615994057935
1615,0.6808615994057935
1620,0.6808615994057935
1625,0.6808615994057935
1630,0.6808615994057935
1635,0.6808615994057935
1640,0.6808615994057935
1645,0.6808615994057935
1650,0.6808615994057935
1655,0.6808615994057935
1660,0.6808615994057935
1665,0.6808615994057935
1670,0.6808615994057935
1675,0.6808615994057935
1680,0.6808615994057935
1685,0.6808615994057935
1690,0.6808615994057935
1695,0.6808615994057935
1700,0.6808615994057935
1705,0.6808615994057935
1710,0.6808615994057935
1715,0.6808615994057935
1720,0.6808615994057935
1725,0.6808615994057935
1730,0.6808615994057935
1735,0.6808615994057935
1740,0.6808615994057935
1745,0.6808615994057935
1750,0.6808615994057935
1755,0.6808615994057935
1760,0.6808615994057935
1765,0.6808615994057935
1770,0.6808615994057935
1775,0.6808615994057935
1780,0.6808615994057935
1785,0.6808615994057935
1790,0.6808615994057935
1795,0.6808615994057935
1800,0.6808615994057935
1805,0.6808615994057935
1810,0.6808615994057935
1815,0.6808615994057935
1820,0.6808615994057935
1825,0.6808615994057935
1830,0.6808615994057935
1835,0.6808615994057935
1840,0.6808615994057935
1845,0.6808615994057935
1850,0.6808615994057935
1855,0.6808615994057935
1860,0.6808615994057935
1865,0.6808615994057935
1870,0.6808615994057935
1875,0.6808615994057935
1880,0.6808615994057935
1885,0.6808615994057935
1890,0.6808615994057935
1895,0.6808615994057935
1900,0.6808615994057935
1905,0.6808615994057935
1910,0.6808615994057935
1915,0.6808615994057935
1920,0.6808615994057935
1925,0.6808615994057935
1930,0.6808615994057935
1935,0.6808615994057935
1940,0.6808615994057935
1945,0.6808615994057935
1950,0.6808615994057935
1955,0.6808615994057935
1960,0.6808615994057935
1965,0.6808615994057935
1970,0.6808615994057935
1975,0.6808615994057935
1980,0.6808615994057935
1985,0.6808615994057935
1990,0.6808615994057935
1995,0.6808615994057935
2000,0.6808615994057935
2005,0.6808615994057935
2010,0.6808615994057935
2015,0.6808615994057935
2020,0.6808615994057935
2025,0.6808615994057935
2030,0.6808615994057935
2035,0.6808615994057935
2040,0.6808615994057935
2045,0.6808615994057935
2050,0.6808615994057935
2055,0.6808615994057935
2060,0.6808615994057935
2065,0.6808615994057935
2070,0.6808615994057935
2075,0.6808615994057935
2080,0.6808615994057935
2085,0.6808615994057935
2090,0.6808615994057935
2095,0.6808615994057935
2100,0.6808615994057935
2105,0.6808615994057935
2110,0.6808615994057935
2115,0.6808615994057935
2120,0.6808615994057935
2125,0.6808615994057935
2130,0.6808615994057935
2135,0.6808615994057935
2140,0.6808615994057935
2145,0.6808615994057935
2150,0.6808615994057935
2155,0.6808615994057935
2160,0.6808615994057935
2165,0.6808615994057935
2170,0.6808615994057935
2175,0.6808615994057935
2180,0.6808615994057935
2185,0.6808615994057935
2190,0.6808615994057935
2195,0.6808615994057935
2200,0.6808615994057935
2205,0.6808615994057935
2210,0.6808615994057935
2215,0.6808615994057935
2220,0.6808615994057935
2225,0.6808615994057935
2230,0.6808615994057935
2235,0.6808615994057935
2240,0.6808615994057935
2245,0.6808615994057935
2250,0.6808615994057935
2255,0.6808615994057935
2260,0.6808615994057935
2265,0.6808615994057935
2270,0.6808615994057935
2275,0.6808615994057935
2280,0.6808615994057935
2285,0.6808615994057935
2290,0.6808615994057935
2295,0.6808615994057935
2300,0.6808615994057935
2305,0.6808615994057935
2310,0.6808615994057935
2315,0.6808615994057935
2320,0.6808615994057935
2325,0.6808615994057935
2330,0.6808615994057935
2335,0.6808615994057935
2340,0.6808615994057935
2345,0.6808615994057935
2350,0.6808615994057935
2355,0.6808615994057935
2360,0.6808615994057935
2365,0.6808615994057935
2370,0.6808615994057935
2375,0.6808615994057935
2380,0.6808615994057935
2385,0.6808615994057935
2390,0.6808615994057935
2395,0.6808615994057935
2400,0.6808615994057935
2405,0.6808615994057935
2410,0.6808615994057935
2415,0.6808615994057935
2420,0.6808615994057935
2425,0.6808615994057935
2430,0.6808615994057935
2435,0.6808615994057935
2440,0.6808615994057935
2445,0.6808615994057935
2450,0.6808615994057935
2455,0.6808615994057935
2460,0.6808615994057935
2465,0.6808615994057935
2470,0.6808615994057935
2475,0.6808615994057935
2480,0.6808615994057935
2485,0.6808615994057935
2490,0.6808615994057935
2495,0.6808615994057935
2500,0.6808615994057935
2505,0.6808615994057935
2510,0.6808615994057935
2515,0.6808615994057935
2520,0.6808615994057935
2525,0.6808615994057935
2530,0.6808615994057935
2535,0.6808615994057935
2540,0.6808615994057935
2545,0.6808615994057935
2550,0.6808615994057935
2555,0.6808615994057935
2560,0.6808615994057935
2565,0.6808615994057935
2570,0.6808615994057935
2575,0.6808615994057935
2580,0.6808615994057935
2585,0.6808615994057935
2590,0.6808615994057935
2595,0.6808615994057935
2600,0.6808615994057935
2605,0.6808615994057935
2610,0.6808615994057935
2615,0.6808615994057935
2620,0.6808615994057935
2625,0.6808615994057935
2630,0.6808615994057935
2635,0.6808615994057935
2640,0.6808615994057935
2645,0.6808615994057935
2650,0.6808615994057935
2655,0.6808615994057935
2660,0.6808615994057935
2665,0.6808615994057935
2670,0.6808615994057935
2675,0.6808615994057935
2680,0.6808615994057935
2685,0.6808615994057935
2690,0.6808615994057935
2695,0.6808615994057935
2700,0.6808615994057935
2705,0.6808615994057935
2710,0.6808615994057935
2715,0.6808615994057935
2720,0.6808615994057935
2725,0.6808615994057935
2730,0.6808615994057935
2735,0.6808615994057935
2740,0.6808615994057935
2745,0.6808615994057935
2750,0.6808615994057935
2755,0.6808615994057935
2760,0.6808615994057935
2765,0.6808615994057935
2770,0.6808615994057935
2775,0.6808615994057935
2780,0.6808615994057935
2785,0.6808615994057935
2790,0.6808615994057935
2795,0.6808615994057935
2800,0.6808615994057935
2805,0.6808615994057935
2810,0.6808615994057935
2815,0.6808615994057935
2820,0.6808615994057935
2825,0.6808615994057935
2830,0.6808615994057935
2835,0.6808615994057935
2840,0.6808615994057935
2845,0.6808615994057935
2850,0.6808615994057935
2855,0.6808615994057935
2860,0.6808615994057935
2865,0.6808615994057935
2870,0.6808615994057935
2875,0.6808615994057935
2880,0.6808615994057935
2885,0.6808615994057935
2890,0.6808615994057935
2895,0.6808615994057935
2900,0.6808615994057935
2905,0.6808615994057935
2910,0.6808615994057935
2915,0.6808615994057935
2920,0.6808615994057935
2925,0.6808615994057935
2930,0.6808615994057935
2935,0.6808615994057935
2940,0.6808615994057935
2945,0.6808615994057935
2950,0.6808615994057935
2955,0.6808615994057935
2960,0.6808615994057935
2965,0.6808615994057935
2970,0.6808615994057935
2975,0.6808615994057935
2980,0.6808615994057935
2985,0.6808615994057935
2990,0.6808615994057935
2995,0.6808615994057935
3000,0.6808615994057935
3005,0.6808615994057935
3010,0.6808615994057935
3015,0.6808615994057935
3020,0.6808615994057935
3025,0.6808615994057935
3030,0.6808615994057935
3035,0.6808615994057935
3040,0.6808615994057935
3045,0.6808615994057935
3050,0.6808615994057935
3055,0.6808615994057935
3060,0.6808615994057935
3065,0.6808615994057935
3070,0.6808615994057935
3075,0.6808615994057935
3080,0.6808615994057935
3085,0.6808615994057935
3090,0.6808615994057935
3095,0.6808615994057935
3100,0.6808615994057935
3105,0.6808615994057935
3110,0.6808615994057935
3115,0.6808615994057935
3120,0.6808615994057935
3125,0.6808615994057935
3130,0.6808615994057935
3135,0.6808615994057935
3140,0.6808615994057935
3145,0.6808615994057935
3150,0.6808615994057935
3155,0.6808615994057935
3160,0.6808615994057935
3165,0.6808615994057935
3170,0.6808615994057935
3175,0.6808615994057935
3180,0.6808615994057935
3185,0.6808615994057935
3190,0.6808615994057935
3195,0.6808615994057935
3200,0.6808615994057935
3205,0.6808615994057935
3210,0.6808615994057935
3215,0.6808615994057935
3220,0.6808615994057935
3225,0.6808615994057935
3230,0.6808615994057935
3235,0.6808615994057935
3240,0.6808615994057935
3245,0.6808615994057935
3250,0.6808615994057935
3255,0.6808615994057935
3260,0.6808615994057935
3265,0.6808615994057935
3270,0.6808615994057935
3275,0.6808615994057935
3280,0.6808615994057935
3285,0.6808615994057935
3290,0.6808615994057935
3295,0.6808615994057935
3300,0.6808615994057935
3305,0.6808615994057935
3310,0.6808615994057935
3315,0.6808615994057935
3320,0.6808615994057935
3325,0.6808615994057935
3330,0.6808615994057935
3335,0.6808615994057935
3340,0.6808615994057935
3345,0.6808615994057935
3350,0.6808615994057935
3355,0.6808615994057935
3360,0.6808615994057935
3365,0.6808615994057935
3370,0.6808615994057935
3375,0.6808615994057935
3380,0.6808615994057935
3385,0.6808615994057935
3390,0.6808615994057935
3395,0.6808615994057935
3400,0.6808615994057935
3405,0.6808615994057935
3410,0.6808615994057935
3415,0.6808615994057935
3420,0.6808615994057935
3425,0.6808615994057935
3430,0.6808615994057935
3435,0.6808615994057935
3440,0.6808615994057935
3445,0.6808615994057935
3450,0.6808615994057935
3455,0.6808615994057935
3460,0.6808615994057935
3465,0.6808615994057935
3470,0.6808615994057935
3475,0.6808615994057935
3480,0.6808615994057935
3485,0.6808615994057935
3490,0.6808615994057935
3495,0.6808615994057935
3500,0.6808615994057935
3505,0.6808615994057935
3510,0.6808615994057935
3515,0.6808615994057935
3520,0.6808615994057935
3525,0.6808615994057935
3530,0.6808615994057935
3535,0.6808615994057935
3540,0.6808615994057935
3545,0.6808615994057935
3550,0.6808615994057935
3555,0.6808615994057935
3560,0.6808615994057935
3565,0.6808615994057935
3570,0.6808615994057935
3575,0.6808615994057935
3580,0.6808615994057935
3585,0.6808615994057935
3590,0.6808615994057935
3595,0.6808615994057935
3600,0.6808615994057935
3605,0.6808615994057935
3610,0.6808615994057935
3615,0.6808615994057935
3620,0.6808615994057935
3625,0.6808615994057935
3630,0.6808615994057935
3635,0.6808615994057935
3640,0.6808615994057935
3645,0.6808615994057935
3650,0.6808615994057935
3655,0.6808615994057935
3660,0.6808615994057935
3665,0.6808615994057935
3670,0.6808615994057935
3675,0.6808615994057935
3680,0.6808615994057935
3685,0.6808615994057935
3690,0.6808615994057935
3695,0.6808615994057935
3700,0.6808615994057935
3705,0.6808615994057935
3710,0.6808615994057935
3715,0.6808615994057935
3720,0.6808615994057935
3725,0.6808615994057935
3730,0.6808615994057935
3735,0.6808615994057935
3740,0.6808615994057935
3745,0.6808615994057935
3750,0.6808615994057935
3755,0.6808615994057935
3760,0.6808615994057935
3765,0.6808615994057935
3770,0.6808615994057935
3775,0.6808615994057935
3780,0.6808615994057935
3785,0.6808615994057935
3790,0.6808615994057935
3795,0.6808615994057935
3800,0.6808615994057935
3805,0.6808615994057935
3810,0.6808615994057935
3815,0.6808615994057935
3820,0.6808615994057935
3825,0.6808615994057935
3830,0.6808615994057935
3835,0.6808615994057935
3840,0.6808615994057935
3845,0.6808615994057935
3850,0.6808615994057935
3855,0.6808615994057935
3860,0.6808615994057935
3865,0.6808615994057935
3870,0.6808615994057935
3875,0.6808615994057935
3880,0.6808615994057935
3885,0.6808615994057935
3890,0.6808615994057935
3895,0.6808615994057935
3900,0.6808615994057935
3905,0.6808615994057935
3910,0.6808615994057935
3915,0.6808615994057935
3920,0.6808615994057935
3925,0.6808615994057935
3930,0.6808615994057935
3935,0.6808615994057935
3940,0.6808615994057935
3945,0.6808615994057935
3950,0.6808615994057935
3955,0.6808615994057935
3960,0.6808615994057935
3965,0.6808615994057935
3970,0.6808615994057935
3975,0.6808615994057935
3980,0.6808615994057935
3985,0.6808615994057935
3990,0.6808615994057935
3995,0.6808615994057935
4000,0.6808615994057935
4005,0.6808615994057935
4010,0.6808615994057935
4015,0.6808615994057935
4020,0.6808615994057935
4025,0.6808615994057935
4030,0.6808615994057935
4035,0.6808615994057935
4040,0.6808615994057935
4045,0.6808615994057935
4050,0.6808615994057935
4055,0.6808615994057935
4060,0.6808615994057935
4065,0.6808615994057935
4070,0.6808615994057935
4075,0.6808615994057935
4080,0.6808615994057935
4085,0.6808615994057935
4090,0.6808615994057935
4095,0.6808615994057935
4100,0.6808615994057935
4105,0.6808615994057935
4110,0.6808615994057935
4115,0.6808615994057935
4120,0.6808615994057935
4125,0.6808615994057935
4130,0.6808615994057935
4135,0.6808615994057935
4140,0.6808615994057935
4145,0.6808615994057935
4150,0.6808615994057935
4155,0.6808615994057935
4160,0.6808615994057935
4165,0.6808615994057935
4170,0.6808615994057935
4175,0.6808615994057935
4180,0.6808615994057935
4185,0.6808615994057935
4190,0.6808615994057935
4195,0.6808615994057935
4200,0.6808615994057935
4205,0.6808615994057935
4210,0.6808615994057935
4215,0.6808615994057935
4220,0.6808615994057935
4225,0.6808615994057935
4230,0.6808615994057935
4235,0.6808615994057935
4240,0.6808615994057935
4245,0.6808615994057935
4250,0.6808615994057935
4255,0.6808615994057935
4260,0.6808615994057935
4265,0.6808615994057935
4270,0.6808615994057935
4275,0.6808615994057935
4280,0.6808615994057935
4285,0.6808615994057935
4290,0.6808615994057935
4295,0.6808615994057935
4300,0.6808615994057935
4305,0.6808615994057935
4310,0.6808615994057935
4315,0.6808615994057935
4320,0.6808615994057935
4325,0.6808615994057935
4330,0.6808615994057935
4335,0.6808615994057935
4340,0.6808615994057935
4345,0.6808615994057935
4350,0.6808615994057935
4355,0.6808615994057935
4360,0.6808615994057935
4365,0.6808615994057935
4370,0.6808615994057935
4375,0.6808615994057935
4380,0.6808615994057935
4385,0.6808615994057935
4390,0.6808615994057935
4395,0.6808615994057935
4400,0.6808615994057935
4405,0.6808615994057935
4410,0.6808615994057935
4415,0.6808615994057935
4420,0.6808615994057935
4425,0.6808615994057935
4430,0.6808615994057935
4435,0.6808615994057935
4440,0.6808615994057935
4445,0.6808615994057935
4450,0.6808615994057935
4455,0.6808615994057935
4460,0.6808615994057935
4465,0.6808615994057935
4470,0.6808615994057935
4475,0.6808615994057935
4480,0.6808615994057935
4485,0.6808615994057935
4490,0.6808615994057935
4495,0.6808615994057935
4500,0.6808615994057935
4505,0.6808615994057935
4510,0.6808615994057935
4515,0.6808615994057935
4520,0.6808615994057935
4525,0.6808615994057935
4530,0.6808615994057935
4535,0.6808615994057935
4540,0.6808615994057935
4545,0.6808615994057935
4550,0.6808615994057935
4555,0.6808615994057935
4560,0.6808615994057935
4565,0.6808615994057935
4570,0.6808615994057935
4575,0.6808615994057935
4580,0.6808615994057935
4585,0.6808615994057935
4590,0.6808615994057935
4595,0.6808615994057935
4600,0.6808615994057935
4605,0.6808615994057935
4610,0.6808615994057935
4615,0.6808615994057935
4620,0.6808615994057935
4625,0.6808615994057935
4630,0.6808615994057935
4635,0.6808615994057935
4640,0.6808615994057935
4645,0.6808615994057935
4650,0.6808615994057935
4655,0.6808615994057935
4660,0.6808615994057935
4665,0.6808615994057935
4670,0.6808615994057935
4675,0.6808615994057935
4680,0.6808615994057935
4685,0.6808615994057935
4690,0.6808615994057935
4695,0.6808615994057935
4700,0.6808615994057935
4705,0.6808615994057935
4710,0.6808615994057935
4715,0.6808615994057935
4720,0.6808615994057935
4725,0.6808615994057935
4730,0.6808615994057935
4735,0.6808615994057935
4740,0.6808615994057935
4745,0.6808615994057935
4750,0.6808615994057935
4755,0.6808615994057935
4760,0.6808615994057935
4765,0.6808615994057935
4770,0.6808615994057935
4775,0.6808615994057935
4780,0.6808615994057935
4785,0.6808615994057935
4790,0.6808615994057935
4795,0.6808615994057935
4800,0.6808615994057935
4805,0.6808615994057935
4810,0.6808615994057935
4815,0.6808615994057935
4820,0.6808615994057935
4825,0.6808615994057935
4830,0.6808615994057935
4835,0.6808615994057935
4840,0.6808615994057935
4845,0.6808615994057935
4850,0.6808615994057935
4855,0.6808615994057935
4860,0.6808615994057935
4865,0.6808615994057935
4870,0.6808615994057935
4875,0.6808615994057935
4880,0.6808615994057935
4885,0.6808615994057935
4890,0.6808615994057935
4895,0.6808615994057935
4900,0.6808615994057935
4905,0.6808615994057935
4910,0.6808615994057935
4915,0.6808615994057935
4920,0.6808615994057935
4925,0.6808615994057935
4930,0.6808615994057935
4935,0.6808615994057935
4940,0.6808615994057935
4945,0.6808615994057935
4950,0.6808615994057935
4955,0.6808615994057935
4960,0.6808615994057935
4965,0.6808615994057935
4970,0.6808615994057935
4975,0.6808615994057935
4980,0.6808615994057935
4985,0.6808615994057935
4990,0.6808615994057935
4995,0.6808615994057935
5000,0.6808615994057935
5005,0.6808615994057935
5010,0.6808615994057935
5015,0.6808615994057935
5020,0.6808615994057935
5025,0.6808615994057935
5030,0.6808615994057935
5035,0.6808615994057935
5040,0.6808615994057935
5045,0.6808615994057935
5050,0.6808615994057935
5055,0.6808615994057935
5060,0.6808615994057935
5065,0.6808615994057935
5070,0.6808615994057935
5075,0.6808615994057935
5080,0.6808615994057935
5085,0.6808615994057935
5090,0.6808615994057935
5095,0.6808615994057935
5100,0.6808615994057935
5105,0.6808615994057935
5110,0.6808615994057935
5115,0.6808615994057935
5120,0.6808615994057935
5125,0.6808615994057935
5130,0.6808615994057935
5135,0.6808615994057935
5140,0.6808615994057935
5145,0.6808615994057935
5150,0.6808615994057935
5155,0.6808615994057935
5160,0.6808615994057935
5165,0.6808615994057935
5170,0.6808615994057935
5175,0.6808615994057935
5180,0.6808615994057935
5185,0.6808615994057935
5190,0.6808615994057935
5195,0.6808615994057935
5200,0.6808615994057935
5205,0.6808615994057935
5210,0.6808615994057935
5215,0.6808615994057935
5220,0.6808615994057935
5225,0.6808615994057935
5230,0.6808615994057935
5235,0.6808615994057935
5240,0.6808615994057935
5245,0.6808615994057935
5250,0.6808615994057935
5255,0.6808615994057935
5260,0.6808615994057935
5265,0.6808615994057935
5270,0.6808615994057935
5275,0.6808615994057935
5280,0.6808615994057935
5285,0.6808615994057935
5290,0.6808615994057935
5295,0.6808615994057935
5300,0.6808615994057935
5305,0.6808615994057935
5310,0.6808615994057935
5315,0.6808615994057935
5320,0.6808615994057935
5325,0.6808615994057935
5330,0.6808615994057935
5335,0.6808615994057935
5340,0.6808615994057935
5345,0.6808615994057935
5350,0.6808615994057935
5355,0.6808615994057935
5360,0.6808615994057935
5365,0.6808615994057935
5370,0.6808615994057935
5375,0.6808615994057935
5380,0.6808615994057935
5385,0.6808615994057935
5390,0.6808615994057935
5395,0.6808615994057935
5400,0.6808615994057935
5405,0.6808615994057935
5410,0.6808615994057935
5415,0.6808615994057935
5420,0.6808615994057935
5425,0.6808615994057935
5430,0.6808615994057935
5435,0.6808615994057935
5440,0.6808615994057935
5445,0.6808615994057935
5450,0.6808615994057935
5455,0.6808615994057935
5460,0.6808615994057935
5465,0.6808615994057935
5470,0.6808615994057935
5475,0.6808615994057935
5480,0.6808615994057935
5485,0.6808615994057935
5490,0.6808615994057935
5495,0.6808615994057935
5500,0.6808615994057935
5505,0.6808615994057935
5510,0.6808615994057935
5515,0.6808615994057935
5520,0.6808615994057935
5525,0.6808615994057935
5530,0.6808615994057935
5535,0.6808615994057935
5540,0.6808615994057935
5545,0.6808615994057935
5550,0.6808615994057935
5555,0.6808615994057935
5560,0.6808615994057935
5565,0.6808615994057935
5570,0.6808615994057935
5575,0.6808615994057935
5580,0.6808615994057935
5585,0.6808615994057935
5590,0.6808615994057935
5595,0.6808615994057935
5600,0.6808615994057935
5605,0.6808615994057935
5610,0.6808615994057935
5615,0.6808615994057935
5620,0.6808615994057935
5625,0.6808615994057935
5630,0.6808615994057935
5635,0.6808615994057935
5640,0.6808615994057935
5645,0.6808615994057935
5650,0.6808615994057935
5655,0.6808615994057935
5660,0.6808615994057935
5665,0.6808615994057935
5670,0.6808615994057935
5675,0.6808615994057935
5680,0.6808615994057935
5685,0.6808615994057935
5690,0.6808615994057935
5695,0.6808615994057935
5700,0.6808615994057935
5705,0.6808615994057935
5710,0.6808615994057935
5715,0.6808615994057935
5720,0.6808615994057935
5725,0.6808615994057935
5730,0.6808615994057935
5735,0.6808615994057935
5740,0.6808615994057935
5745,0.6808615994057935
5750,0.6808615994057935
5755,0.6808615994057935
5760,0.6808615994057935
5765,0.6808615994057935
5770,0.6808615994057935
5775,0.6808615994057935
5780,0.6808615994057935
5785,0.6808615994057935
5790,0.6808615994057935
5795,0.6808615994057935
5800,0.6808615994057935
5805,0.6808615994057935
5810,0.6808615994057935
5815,0.6808615994057935
5820,0.6808615994057935
5825,0.6808615994057935
5830,0.6808615994057935
5835,0.6808615994057935
5840,0.6808615994057935
5845,0.6808615994057935
5850,0.6808615994057935
5855,0.6808615994057935
5860,0.6808615994057935
5865,0.6808615994057935
5870,0.6808615994057935
5875,0.6808615994057935
5880,0.6808615994057935
5885,0.6808615994057935
5890,0.6808615994057935
5895,0.6808615994057935
5900,0.6808615994057935
5905,0.6808615994057935
5910,0.6808615994057935
5915,0.6808615994057935
5920,0.6808615994057935
5925,0.6808615994057935
5930,0.6808615994057935
5935,0.6808615994057935
5940,0.6808615994057935
5945,0.6808615994057935
5950,0.6808615994057935
5955,0.6808615994057935
5960,0.6808615994057935
5965,0.6808615994057935
5970,0.6808615994057935
5975,0.6808615994057935
5980,0.6808615994057935
5985,0.6808615994057935
5990,0.6808615994057935
5995,0.6808615994057935
6000,0.6808615994057935
6005,0.6808615994057935
6010,0.6808615994057935
6015,0.6808615994057935
6020,0.6808615994057935
6025,0.6808615994057935
6030,0.6808615994057935
6035,0.6808615994057935
6040,0.6808615994057935
6045,0.6808615994057935
6050,0.6808615994057935
6055,0.6808615994057935
6060,0.6808615994057935
6065,0.6808615994057935
6070,0.6808615994057935
6075,0.6808615994057935
6080,0.6808615994057935
6085,0.6808615994057935
6090,0.6808615994057935
6095,0.6808615994057935
6100,0.6808615994057935
6105,0.6808615994057935
6110,0.6808615994057935
6115,0.6808615994057935
6120,0.6808615994057935
6125,0.6808615994057935
6130,0.6808615994057935
6135,0.6808615994057935
6140,0.6808615994057935
6145,0.6808615994057935
6150,0.6808615994057935
6155,0.6808615994057935
6160,0.6808615994057935
6165,0.6808615994057935
6170,0.6808615994057935
6175,0.6808615994057935
6180,0.6808615994057935
6185,0.6808615994057935
6190,0.6808615994057935
6195,0.6808615994057935
6200,0.6808615994057935
6205,0.6808615994057935
6210,0.6808615994057935
6215,0.6808615994057935
6220,0.6808615994057935
6225,0.6808615994057935
6230,0.6808615994057935
6235,0.6808615994057935
6240,0.6808615994057935
6245,0.6808615994057935
6250,0.6808615994057935
6255,0.6808615994057935
6260,0.6808615994057935
6265,0.6808615994057935
6270,0.6808615994057935
6275,0.6808615994057935
6280,0.6808615994057935
6285,0.6808615994057935
6290,0.6808615994057935
6295,0.6808615994057935
6300,0.6808615994057935
6305,0.6808615994057935
6310,0.6808615994057935
6315,0.6808615994057935
6320,0.6808615994057935
6325,0.6808615994057935
6330,0.6808615994057935
6335,0.6808615994057935
6340,0.6808615994057935
6345,0.6808615994057935
6350,0.6808615994057935
6355,0.6808615994057935
6360,0.6808615994057935
6365,0.6808615994057935
6370,0.6808615994057935
6375,0.6808615994057935
6380,0.6808615994057935
6385,0.6808615994057935
6390,0.6808615994057935
6395,0.6808615994057935
6400,0.6808615994057935
6405,0.6808615994057935
6410,0.6808615994057935
6415,0.6808615994057935
6420,0.6808615994057935
6425,0.6808615994057935
6430,0.6808615994057935
6435,0.6808615994057935
6440,0.6808615994057935
6445,0.6808615994057935
6450,0.6808615994057935
6455,0.6808615994057935
6460,0.6808615994057935
6465,0.6808615994057935
6470,0.6808615994057935
6475,0.6808615994057935
6480,0.6808615994057935
6485,0.6808615994057935
6490,0.6808615994057935
6495,0.6808615994057935
6500,0.6808615994057935
6505,0.6808615994057935
6510,0.6808615994057935
6515,0.6808615994057935
6520,0.6808615994057935
6525,0.6808615994057935
6530,0.6808615994057935
6535,0.6808615994057935
6540,0.6808615994057935
6545,0.6808615994057935
6550,0.6808615994057935
6555,0.6808615994057935
6560,0.6808615994057935
6565,0.6808615994057935
6570,0.6808615994057935
6575,0.6808615994057935
6580,0.6808615994057935
6585,0.6808615994057935
6590,0.6808615994057935
6595,0.6808615994057935
6600,0.6808615994057935
6605,0.6808615994057935
6610,0.6808615994057935
6615,0.6808615994057935
6620,0.6808615994057935
6625,0.6808615994057935
6630,0.6808615994057935
6635,0.6808615994057935
6640,0.6808615994057935
6645,0.6808615994057935
6650,0.6808615994057935
6655,0.6808615994057935
6660,0.6808615994057935
6665,0.6808615994057935
6670,0.6808615994057935
6675,0.6808615994057935
6680,0.6808615994057935
6685,0.6808615994057935
6690,0.6808615994057935
6695,0.6808615994057935
6700,0.6808615994057935
6705,0.6808615994057935
6710,0.6808615994057935
6715,0.6808615994057935
6720,0.6808615994057935
6725,0.6808615994057935
6730,0.6808615994057935
6735,0.6808615994057935
6740,0.6808615994057935
6745,0.6808615994057935
6750,0.6808615994057935
6755,0.6808615994057935
6760,0.6808615994057935
6765,0.6808615994057935
6770,0.6808615994057935
6775,0.6808615994057935
6780,0.6808615994057935
6785,0.6808615994057935
6790,0.6808615994057935
6795,0.6808615994057935
6800,0.6808615994057935
6805,0.6808615994057935
6810,0.6808615994057935
6815,0.6808615994057935
6820,0.6808615994057935
6825,0.6808615994057935
6830,0.6808615994057935
6835,0.6808615994057935
6840,0.6808615994057935
6845,0.6808615994057935
6850,0.6808615994057935
6855,0.6808615994057935
6860,0.6808615994057935
6865,0.6808615994057935
6870,0.6808615994057935
6875,0.6808615994057935
6880,0.6808615994057935
6885,0.6808615994057935
6890,0.6808615994057935
6895,0.6808615994057935
6900,0.6808615994057935
6905,0.6808615994057935
6910,0.6808615994057935
6915,0.6808615994057935
6920,0.6808615994057935
6925,0.6808615994057935
6930,0.6808615994057935
6935,0.6808615994057935
6940,0.6808615994057935
6945,0.6808615994057935
6950,0.6808615994057935
6955,0.6808615994057935
6960,0.6808615994057935
6965,0.6808615994057935
6970,0.6808615994057935
6975,0.6808615994057935
6980,0.6808615994057935
6985,0.6808615994057935
6990,0.6808615994057935
6995,0.6808615994057935
7000,0.6808615994057935
7005,0.6808615994057935
7010,0.6808615994057935
7015,0.6808615994057935
7020,0.6808615994057935
7025,0.6808615994057935
7030,0.6808615994057935
7035,0.6808615994057935
7040,0.6808615994057935
7045,0.6808615994057935
7050,0.6808615994057935
7055,0.6808615994057935
7060,0.6808615994057935
7065,0.6808615994057935
7070,0.6808615994057935
7075,0.6808615994057935
7080,0.6808615994057935
7085,0.6808615994057935
7090,0.6808615994057935
7095,0.6808615994057935
7100,0.6808615994057935
7105,0.6808615994057935
7110,0.6808615994057935
7115,0.6808615994057935
7120,0.6808615994057935
7125,0.6808615994057935
7130,0.6808615994057935
7135,0.6808615994057935
7140,0.6808615994057935
7145,0.6808615994057935
7150,0.6808615994057935
7155,0.6808615994057935
7160,0.6808615994057935
7165,0.6808615994057935
7170,0.6808615994057935
7175,0.6808615994057935
7180,0.6808615994057935
7185,0.6808615994057935
7190,0.6808615994057935
7195,0.6808615994057935
7200,0.6808615994057935
7205,0.6808615994057935
7210,0.6808615994057935
7215,0.6808615994057935
7220,0.6808615994057935
7225,0.6808615994057935
7230,0.6808615994057935
7235,0.6808615994057935
7240,0.6808615994057935
7245,0.6808615994057935
7250,0.6808615994057935
7255,0.6808615994057935
7260,0.6808615994057935
7265,0.6808615994057935
7270,0.6808615994057935
7275,0.6808615994057935
7280,0.6808615994057935
7285,0.6808615994057935
7290,0.6808615994057935
7295,0.6808615994057935
7300,0.6808615994057935
7305,0.6808615994057935
7310,0.6808615994057935
7315,0.6808615994057935
7320,0.6808615994057935
7325,0.6808615994057935
7330,0.6808615994057935
7335,0.6808615994057935
7340,0.6808615994057935
7345,0.6808615994057935
7350,0.6808615994057935
7355,0.6808615994057935
7360,0.6808615994057935
7365,0.6808615994057935
7370,0.6808615994057935
7375,0.6808615994057935
7380,0.6808615994057935
7385,0.6808615994057935
7390,0.6808615994057935
7395,0.6808615994057935
7400,0.6808615994057935
7405,0.6808615994057935
7410,0.6808615994057935
7415,0.6808615994057935
7420,0.6808615994057935
7425,0.6808615994057935
7430,0.6808615994057935
7435,0.6808615994057935
7440,0.6808615994057935
7445,0.6808615994057935
7450,0.6808615994057935
7455,0.6808615994057935
7460,0.6808615994057935
7465,0.6808615994057935
7470,0.6808615994057935
7475,0.6808615994057935
7480,0.6808615994057935
7485,0.6808615994057935
7490,0.6808615994057935
7495,0.6808615994057935
7500,0.6808615994057935
7505,0.6808615994057935
7510,0.6808615994057935
7515,0.6808615994057935
7520,0.6808615994057935
7525,0.6808615994057935
7530,0.6808615994057935
7535,0.6808615994057935
7540,0.6808615994057935
7545,0.6808615994057935
7550,0.6808615994057935
7555,0.6808615994057935
7560,0.6808615994057935
7565,0.6808615994057935
7570,0.6808615994057935
7575,0.6808615994057935
7580,0.6808615994057935
7585,0.6808615994057935
7590,0.6808615994057935
7595,0.6808615994057935
7600,0.6808615994057935
7605,0.6808615994057935
7610,0.6808615994057935
7615,0.6808615994057935
7620,0.6808615994057935
7625,0.6808615994057935
7630,0.6808615994057935
7635,0.6808615994057935
7640,0.6808615994057935
7645,0.6808615994057935
7650,0.6808615994057935
7655,0.6808615994057935
7660,0.6808615994057935
7665,0.6808615994057935
7670,0.6808615994057935
7675,0.6808615994057935
7680,0.6808615994057935
7685,0.6808615994057935
7690,0.6808615994057935
7695,0.6808615994057935
7700,0.6808615994057935
7705,0.6808615994057935
7710,0.6808615994057935
7715,0.6808615994057935
7720,0.6808615994057935
7725,0.6808615994057935
7730,0.6808615994057935
7735,0.6808615994057935
7740,0.6808615994057935
7745,0.6808615994057935
7750,0.6808615994057935
7755,0.6808615994057935
7760,0.6808615994057935
7765,0.6808615994057935
7770,0.6808615994057935
7775,0.6808615994057935
7780,0.6808615994057935
7785,0.6808615994057935
7790,0.6808615994057935
7795,0.6808615994057935
7800,0.6808615994057935
7805,0.6808615994057935
7810,0.6808615994057935
7815,0.6808615994057935
7820,0.6808615994057935
7825,0.6808615994057935
7830,0.6808615994057935
7835,0.6808615994057935
7840,0.6808615994057935
7845,0.6808615994057935
7850,0.6808615994057935
7855,0.6808615994057935
7860,0.6808615994057935
7865,0.6808615994057935
7870,0.6808615994057935
7875,0.6808615994057935
7880,0.6808615994057935
7885,0.6808615994057935
7890,0.6808615994057935
7895,0.6808615994057935
7900,0.6808615994057935
7905,0.6808615994057935
7910,0.6808615994057935
7915,0.6808615994057935
7920,0.6808615994057935
7925,0.6808615994057935
7930,0.6808615994057935
7935,0.6808615994057935
7940,0.6808615994057935
7945,0.6808615994057935
7950,0.6808615994057935
7955,0.6808615994057935
7960,0.6808615994057935
7965,0.6808615994057935
7970,0.6808615994057935
7975,0.6808615994057935
7980,0.6808615994057935
7985,0.6808615994057935
7990,0.6808615994057935
7995,0.6808615994057935
8000,0.6808615994057935
8005,0.6808615994057935
8010,0.6808615994057935
8015,0.6808615994057935
8020,0.6808615994057935
8025,0.6808615994057935
8030,0.6808615994057935
8035,0.6808615994057935
8040,0.6808615994057935
8045,0.6808615994057935
8050,0.6808615994057935
8055,0.6808615994057935
8060,0.6808615994057935
8065,0.6808615994057935
8070,0.6808615994057935
8075,0.6808615994057935
8080,0.6808615994057935
8085,0.6808615994057935
8090,0.6808615994057935
8095,0.6808615994057935
8100,0.6808615994057935
8105,0.6808615994057935
8110,0.6808615994057935
8115,0.6808615994057935
8120,0.6808615994057935
8125,0.6808615994057935
8130,0.6808615994057935
8135,0.6808615994057935
8140,0.6808615994057935
8145,0.6808615994057935
8150,0.6808615994057935
8155,0.6808615994057935
8160,0.6808615994057935
8165,0.6808615994057935
8170,0.6808615994057935
8175,0.6808615994057935
8180,0.6808615994057935
8185,0.6808615994057935
8190,0.6808615994057935
8195,0.6808615994057935
8200,0.6808615994057935
8205,0.6808615994057935
8210,0.6808615994057935
8215,0.6808615994057935
8220,0.6808615994057935
8225,0.6808615994057935
8230,0.6808615994057935
8235,0.6808615994057935
8240,0.6808615994057935
8245,0.6808615994057935
8250,0.6808615994057935
8255,0.6808615994057935
8260,0.6808615994057935
8265,0.6808615994057935
8270,0.6808615994057935
8275,0.6808615994057935
8280,0.6808615994057935
8285,0.6808615994057935
8290,0.6808615994057935
8295,0.6808615994057935
8300,0.6808615994057935
8305,0.6808615994057935
8310,0.6808615994057935
8315,0.6808615994057935
8320,0.6808615994057935
8325,0.6808615994057935
8330,0.6808615994057935
8335,0.6808615994057935
8340,0.6808615994057935
8345,0.6808615994057935
8350,0.6808615994057935
8355,0.6808615994057935
8360,0.6808615994057935
8365,0.6808615994057935
8370,0.6808615994057935
8375,0.6808615994057935
8380,0.6808615994057935
8385,0.6808615994057935
8390,0.6808615994057935
8395,0.6808615994057935
8400,0.6808615994057935
8405,0.6808615994057935
8410,0.6808615994057935
8415,0.6808615994057935
8420,0.6808615994057935
8425,0.6808615994057935
8430,0.6808615994057935
8435,0.6808615994057935
8440,0.6808615994057935
8445,0.6808615994057935
8450,0.6808615994057935
8455,0.6808615994057935
8460,0.6808615994057935
8465,0.6808615994057935
8470,0.6808615994057935
8475,0.6808615994057935
8480,0.6808615994057935
8485,0.6808615994057935
8490,0.6808615994057935
8495,0.6808615994057935
8500,0.6808615994057935
8505,0.6808615994057935
8510,0.6808615994057935
8515,0.6808615994057935
8520,0.6808615994057935
8525,0.6808615994057935
8530,0.6808615994057935
8535,0.6808615994057935
8540,0.6808615994057935
8545,0.6808615994057935
8550,0.6808615994057935
8555,0.6808615994057935
8560,0.6808615994057935
8565,0.6808615994057935
8570,0.6808615994057935
8575,0.6808615994057935
8580,0.6808615994057935
8585,0.6808615994057935
8590,0.6808615994057935
8595,0.6808615994057935
8600,0.6808615994057935
8605,0.6808615994057935
8610,0.6808615994057935
8615,0.6808615994057935
8620,0.6808615994057935
8625,0.6808615994057935
8630,0.6808615994057935
8635,0.6808615994057935
8640,0.6808615994057935
8645,0.6808615994057935
8650,0.6808615994057935
8655,0.6808615994057935
8660,0.6808615994057935
8665,0.6808615994057935
8670,0.6808615994057935
8675,0.6808615994057935
8680,0.6808615994057935
8685,0.6808615994057935
8690,0.6808615994057935
8695,0.6808615994057935
8700,0.6808615994057935
8705,0.6808615994057935
8710,0.6808615994057935
8715,0.6808615994057935
8720,0.6808615994057935
8725,0.6808615994057935
8730,0.6808615994057935
8735,0.6808615994057935
8740,0.6808615994057935
8745,0.6808615994057935
8750,0.6808615994057935
8755,0.6808615994057935
8760,0.6808615994057935
8765,0.6808615994057935
8770,0.6808615994057935
8775,0.6808615994057935
8780,0.6808615994057935
8785,0.6808615994057935
8790,0.6808615994057935
8795,0.6808615994057935
8800,0.6808615994057935
8805,0.6808615994057935
8810,0.6808615994057935
8815,0.6808615994057935
8820,0.6808615994057935
8825,0.6808615994057935
8830,0.6808615994057935
8835,0.6808615994057935
8840,0.6808615994057935
8845,0.6808615994057935
8850,0.6808615994057935
8855,0.6808615994057935
8860,0.6808615994057935
8865,0.6808615994057935
8870,0.6808615994057935
8875,0.6808615994057935
8880,0.6808615994057935
8885,0.6808615994057935
8890,0.6808615994057935
8895,0.6808615994057935
8900,0.6808615994057935
8905,0.6808615994057935
8910,0.6808615994057935
8915,0.6808615994057935
8920,0.6808615994057935
8925,0.6808615994057935
8930,0.6808615994057935
8935,0.6808615994057935
8940,0.6808615994057935
8945,0.6808615994057935
8950,0.6808615994057935
8955,0.6808615994057935
8960,0.6808615994057935
8965,0.6808615994057935
8970,0.6808615994057935
8975,0.6808615994057935
8980,0.6808615994057935
8985,0.6808615994057935
8990,0.6808615994057935
8995,0.6808615994057935
9000,0.6808615994057935
9005,0.6808615994057935
9010,0.6808615994057935
9015,0.6808615994057935
9020,0.6808615994057935
9025,0.6808615994057935
9030,0.6808615994057935
9035,0.6808615994057935
9040,0.6808615994057935
9045,0.6808615994057935
9050,0.6808615994057935
9055,0.6808615994057935
9060,0.6808615994057935
9065,0.6808615994057935
9070,0.6808615994057935
9075,0.6808615994057935
9080,0.6808615994057935
9085,0.6808615994057935
9090,0.6808615994057935
9095,0.6808615994057935
9100,0.6808615994057935
9105,0.6808615994057935
9110,0.6808615994057935
9115,0.6808615994057935
9120,0.6808615994057935
9125,0.6808615994057935
9130,0.6808615994057935
9135,0.6808615994057935
9140,0.6808615994057935
9145,0.6808615994057935
9150,0.6808615994057935
9155,0.6808615994057935
9160,0.6808615994057935
9165,0.6808615994057935
9170,0.6808615994057935
9175,0.6808615994057935
9180,0.6808615994057935
9185,0.6808615994057935
9190,0.6808615994057935
9195,0.6808615994057935
9200,0.6808615994057935
9205,0.6808615994057935
9210,0.6808615994057935
9215,0.6808615994057935
9220,0.6808615994057935
9225,0.6808615994057935
9230,0.6808615994057935
9235,0.6808615994057935
9240,0.6808615994057935
9245,0.6808615994057935
9250,0.6808615994057935
9255,0.6808615994057935
9260,0.6808615994057935
9265,0.6808615994057935
9270,0.6808615994057935
9275,0.6808615994057935
9280,0.6808615994057935
9285,0.6808615994057935
9290,0.6808615994057935
9295,0.6808615994057935
9300,0.6808615994057935
9305,0.6808615994057935
9310,0.6808615994057935
9315,0.6808615994057935
9320,0.6808615994057935
9325,0.6808615994057935
9330,0.6808615994057935
9335,0.6808615994057935
9340,0.6808615994057935
9345,0.6808615994057935
9350,0.6808615994057935
9355,0.6808615994057935
9360,0.6808615994057935
9365,0.6808615994057935
9370,0.6808615994057935
9375,0.6808615994057935
9380,0.6808615994057935
9385,0.6808615994057935
9390,0.6808615994057935
9395,0.6808615994057935
9400,0.6808615994057935
9405,0.6808615994057935
9410,0.6808615994057935
9415,0.6808615994057935
9420,0.6808615994057935
9425,0.6808615994057935
9430,0.6808615994057935
9435,0.6808615994057935
9440,0.6808615994057935
9445,0.6808615994057935
9450,0.6808615994057935
9455,0.6808615994057935
9460,0.6808615994057935
9465,0.6808615994057935
9470,0.6808615994057935
9475,0.6808615994057935
9480,0.6808615994057935
9485,0.6808615994057935
9490,0.6808615994057935
9495,0.6808615994057935
9500,0.6808615994057935
9505,0.6808615994057935
9510,0.6808615994057935
9515,0.6808615994057935
9520,0.6808615994057935
9525,0.6808615994057935
9530,0.6808615994057935
9535,0.6808615994057935
9540,0.6808615994057935
9545,0.6808615994057935
9550,0.6808615994057935
9555,0.6808615994057935
9560,0.6808615994057935
9565,0.6808615994057935
9570,0.6808615994057935
9575,0.6808615994057935
9580,0.6808615994057935
9585,0.6808615994057935
9590,0.6808615994057935
9595,0.6808615994057935
9600,0.6808615994057935
9605,0.6808615994057935
9610,0.6808615994057935
9615,0.6808615994057935
9620,0.6808615994057935
9625,0.6808615994057935
9630,0.6808615994057935
9635,0.6808615994057935
9640,0.6808615994057935
9645,0.6808615994057935
9650,0.6808615994057935
9655,0.6808615994057935
9660,0.6808615994057935
9665,0.6808615994057935
9670,0.6808615994057935
9675,0.6808615994057935
9680,0.6808615994057935
9685,0.6808615994057935
9690,0.6808615994057935
9695,0.6808615994057935
9700,0.6808615994057935
9705,0.6808615994057935
9710,0.6808615994057935
9715,0.6808615994057935
9720,0.6808615994057935
9725,0.6808615994057935
9730,0.6808615994057935
9735,0.6808615994057935
9740,0.6808615994057935
9745,0.6808615994057935
9750,0.6808615994057935
9755,0.6808615994057935
9760,0.6808615994057935
9765,0.6808615994057935
9770,0.6808615994057935
9775,0.6808615994057935
9780,0.6808615994057935
9785,0.6808615994057935
9790,0.6808615994057935
9795,0.6808615994057935
9800,0.6808615994057935
9805,0.6808615994057935
9810,0.6808615994057935
9815,0.6808615994057935
9820,0.6808615994057935
9825,0.6808615994057935
9830,0.6808615994057935
9835,0.6808615994057935
9840,0.6808615994057935
9845,0.6808615994057935
9850,0.6808615994057935
9855,0.6808615994057935
9860,0.6808615994057935
9865,0.6808615994057935
9870,0.6808615994057935
9875,0.6808615994057935
9880,0.6808615994057935
9885,0.6808615994057935
9890,0.6808615994057935
9895,0.6808615994057935
9900,0.6808615994057935
9905,0.6808615994057935
9910,0.6808615994057935
9915,0.6808615994057935
9920,0.6808615994057935
9925,0.6808615994057935
9930,0.6808615994057935
9935,0.6808615994057935
9940,0.6808615994057935
9945,0.6808615994057935
9950,0.6808615994057935
9955,0.6808615994057935
9960,0.6808615994057935
9965,0.6808615994057935
9970,0.6808615994057935
9975,0.6808615994057935
9980,0.6808615994057935
9985,0.6808615994057935
9990,0.6808615994057935
9995,0.6808615994057935
10000,0.6808615994057935
10005,0.6808615994057935
10010,0.6808615994057935
10015,0.6808615994057935
10020,0.6808615994057935
10025,0.6808615994057935
10030,0.6808615994057935
10035,0.6808615994057935
10040,0.6808615994057935
10045,0.6808615994057935
10050,0.6808615994057935
10055,0.6808615994057935
10060,0.6808615994057935
10065,0.6808615994057935
10070,0.6808615994057935
10075,0.6808615994057935
10080,0.6808615994057935
10085,0.6808615994057935
10090,0.6808615994057935
10095,0.6808615994057935
10100,0.6808615994057935
10105,0.6808615994057935
10110,0.6808615994057935
10115,0.6808615994057935
10120,0.6808615994057935
10125,0.6808615994057935
10130,0.6808615994057935
10135,0.6808615994057935
10140,0.6808615994057935
10145,0.6808615994057935
10150,0.6808615994057935
10155,0.6808615994057935
10160,0.6808615994057935
10165,0.6808615994057935
10170,0.6808615994057935
10175,0.6808615994057935
10180,0.6808615994057935
10185,0.6808615994057935
10190,0.6808615994057935
10195,0.6808615994057935
10200,0.6808615994057935
10205,0.6808615994057935
10210,0.6808615994057935
10215,0.6808615994057935
10220,0.6808615994057935
10225,0.6808615994057935
10230,0.6808615994057935
10235,0.6808615994057935
10240,0.6808615994057935
10245,0.6808615994057935
10250,0.6808615994057935
10255,0.6808615994057935
10260,0.6808615994057935
10265,0.6808615994057935
10270,0.6808615994057935
10275,0.6808615994057935
10280,0.6808615994057935
10285,0.6808615994057935
10290,0.6808615994057935
10295,0.6808615994057935
10300,0.6808615994057935
10305,0.6808615994057935
10310,0.6808615994057935
10315,0.6808615994057935
10320,0.6808615994057935
10325,0.6808615994057935
10330,0.6808615994057935
10335,0.6808615994057935
10340,0.6808615994057935
10345,0.6808615994057935
10350,0.6808615994057935
10355,0.6808615994057935
10360,0.6808615994057935
10365,0.6808615994057935
10370,0.6808615994057935
10375,0.6808615994057935
10380,0.6808615994057935
10385,0.6808615994057935
10390,0.6808615994057935
10395,0.6808615994057935
10400,0.6808615994057935
10405,0.6808615994057935
10410,0.6808615994057935
10415,0.6808615994057935
10420,0.6808615994057935
10425,0.6808615994057935
10430,0.6808615994057935
10435,0.6808615994057935
10440,0.6808615994057935
10445,0.6808615994057935
10450,0.6808615994057935
10455,0.6808615994057935
10460,0.6808615994057935
10465,0.6808615994057935
10470,0.6808615994057935
10475,0.6808615994057935
10480,0.6808615994057935
10485,0.6808615994057935
10490,0.6808615994057935
10495,0.6808615994057935
10500,0.6808615994057935
10505,0.6808615994057935
10510,0.6808615994057935
10515,0.6808615994057935
10520,0.6808615994057935
10525,0.6808615994057935
10530,0.6808615994057935
10535,0.6808615994057935
10540,0.6808615994057935
10545,0.6808615994057935
10550,0.6808615994057935
10555,0.6808615994057935
10560,0.6808615994057935
10565,0.6808615994057935
10570,0.6808615994057935
10575,0.6808615994057935
10580,0.6808615994057935
10585,0.6808615994057935
10590,0.6808615994057935
10595,0.6808615994057935
10600,0.6808615994057935
10605,0.6808615994057935
10610,0.6808615994057935
10615,0.6808615994057935
10620,0.6808615994057935
10625,0.6808615994057935
10630,0.6808615994057935
10635,0.6808615994057935
10640,0.6808615994057935
10645,0.6808615994057935
10650,0.6808615994057935
10655,0.6808615994057935
10660,0.6808615994057935
10665,0.6808615994057935
10670,0.6808615994057935
10675,0.6808615994057935
10680,0.6808615994057935
10685,0.6808615994057935
10690,0.6808615994057935
10695,0.6808615994057935
10700,0.6808615994057935
10705,0.6808615994057935
10710,0.6808615994057935
10715,0.6808615994057935
10720,0.6808615994057935
10725,0.6808615994057935
10730,0.6808615994057935
10735,0.6808615994057935
10740,0.6808615994057935
10745,0.6808615994057935
10750,0.6808615994057935
10755,0.6808615994057935
10760,0.6808615994057935
10765,0.6808615994057935
10770,0.6808615994057935
10775,0.6808615994057935
10780,0.6808615994057935
10785,0.6808615994057935
10790,0.6808615994057935
10795,0.6808615994057935
10800,0.6808615994057935
10805,0.6808615994057935
10810,0.6808615994057935
10815,0.6808615994057935
10820,0.6808615994057935
10825,0.6808615994057935
10830,0.6808615994057935
10835,0.6808615994057935
10840,0.6808615994057935
10845,0.6808615994057935
10850,0.6808615994057935
10855,0.6808615994057935
10860,0.6808615994057935
10865,0.6808615994057935
10870,0.6808615994057935
10875,0.6808615994057935
10880,0.6808615994057935
10885,0.6808615994057935
10890,0.6808615994057935
10895,0.6808615994057935
10900,0.6808615994057935
10905,0.6808615994057935
10910,0.6808615994057935
10915,0.6808615994057935
10920,0.6808615994057935
10925,0.6808615994057935
10930,0.6808615994057935
10935,0.6808615994057935
10940,0.6808615994057935
10945,0.6808615994057935
10950,0.6808615994057935
10955,0.6808615994057935
10960,0.6808615994057935
10965,0.6808615994057935
10970,0.6808615994057935
10975,0.6808615994057935
10980,0.6808615994057935
10985,0.6808615994057935
10990,0.6808615994057935
10995,0.6808615994057935
11000,0.6808615994057935
11005,0.6808615994057935
11010,0.6808615994057935
11015,0.6808615994057935
11020,0.6808615994057935
11025,0.6808615994057935
11030,0.6808615994057935
11035,0.6808615994057935
11040,0.6808615994057935
11045,0.6808615994057935
11050,0.6808615994057935
11055,0.6808615994057935
11060,0.6808615994057935
11065,0.6808615994057935
11070,0.6808615994057935
11075,0.6808615994057935
11080,0.6808615994057935
11085,0.6808615994057935
11090,0.6808615994057935
11095,0.6808615994057935
11100,0.6808615994057935
11105,0.6808615994057935
11110,0.6808615994057935
11115,0.6808615994057935
11120,0.6808615994057935
11125,0.6808615994057935
11130,0.6808615994057935
11135,0.6808615994057935
11140,0.6808615994057935
11145,0.6808615994057935
11150,0.6808615994057935
11155,0.6808615994057935
11160,0.6808615994057935
11165,0.6808615994057935
11170,0.6808615994057935
11175,0.6808615994057935
11180,0.6808615994057935
11185,0.6808615994057935
11190,0.6808615994057935
11195,0.6808615994057935
11200,0.6808615994057935
11205,0.6808615994057935
11210,0.6808615994057935
11215,0.6808615994057935
11220,0.6808615994057935
11225,0.6808615994057935
11230,0.6808615994057935
11235,0.6808615994057935
11240,0.6808615994057935
11245,0.6808615994057935
11250,0.6808615994057935
11255,0.6808615994057935
11260,0.6808615994057935
11265,0.6808615994057935
11270,0.6808615994057935
11275,0.6808615994057935
11280,0.6808615994057935
11285,0.6808615994057935
11290,0.6808615994057935
11295,0.6808615994057935
11300,0.6808615994057935
11305,0.6808615994057935
11310,0.6808615994057935
11315,0.6808615994057935
11320,0.6808615994057935
11325,0.6808615994057935
11330,0.6808615994057935
11335,0.6808615994057935
11340,0.6808615994057935
11345,0.6808615994057935
11350,0.6808615994057935
11355,0.6808615994057935
11360,0.6808615994057935
11365,0.6808615994057935
11370,0.6808615994057935
11375,0.6808615994057935
11380,0.6808615994057935
11385,0.6808615994057935
11390,0.6808615994057935
11395,0.6808615994057935
11400,0.6808615994057935
11405,0.6808615994057935
11410,0.6808615994057935
11415,0.6808615994057935
11420,0.6808615994057935
11425,0.6808615994057935
11430,0.6808615994057935
11435,0.6808615994057935
11440,0.6808615994057935
11445,0.6808615994057935
11450,0.6808615994057935
11455,0.6808615994057935
11460,0.6808615994057935
11465,0.6808615994057935
11470,0.6808615994057935
11475,0.6808615994057935
11480,0.6808615994057935
11485,0.6808615994057935
11490,0.6808615994057935
11495,0.6808615994057935
11500,0.6808615994057935
11505,0.6808615994057935
11510,0.6808615994057935
11515,0.6808615994057935
11520,0.6808615994057935
11525,0.6808615994057935
11530,0.6808615994057935
11535,0.6808615994057935
11540,0.6808615994057935
11545,0.6808615994057935
11550,0.6808615994057935
11555,0.6808615994057935
11560,0.6808615994057935
11565,0.6808615994057935
11570,0.6808615994057935
11575,0.6808615994057935
11580,0.6808615994057935
11585,0.6808615994057935
11590,0.6808615994057935
11595,0.6808615994057935
11600,0.6808615994057935
11605,0.6808615994057935
11610,0.6808615994057935
11615,0.6808615994057935
11620,0.6808615994057935
11625,0.6808615994057935
11630,0.6808615994057935
11635,0.6808615994057935
11640,0.6808615994057935
11645,0.6808615994057935
11650,0.6808615994057935
11655,0.6808615994057935
11660,0.6808615994057935
11665,0.6808615994057935
11670,0.6808615994057935
11675,0.6808615994057935
11680,0.6808615994057935
11685,0.6808615994057935
11690,0.6808615994057935
11695,0.6808615994057935
11700,0.6808615994057935
11705,0.6808615994057935
11710,0.6808615994057935
11715,0.6808615994057935
11720,0.6808615994057935
11725,0.6808615994057935
11730,0.6808615994057935
11735,0.6808615994057935
11740,0.6808615994057935
11745,0.6808615994057935
11750,0.6808615994057935
11755,0.6808615994057935
11760,0.6808615994057935
11765,0.6808615994057935
11770,0.6808615994057935
11775,0.6808615994057935
11780,0.6808615994057935
11785,0.6808615994057935
11790,0.6808615994057935
11795,0.6808615994057935
11800,0.6808615994057935
11805,0.6808615994057935
11810,0.6808615994057935
11815,0.6808615994057935
11820,0.6808615994057935
11825,0.6808615994057935
11830,0.6808615994057935
11835,0.6808615994057935
11840,0.6808615994057935
11845,0.6808615994057935
11850,0.6808615994057935
11855,0.6808615994057935
11860,0.6808615994057935
11865,0.6808615994057935
11870,0.6808615994057935
11875,0.6808615994057935
11880,0.6808615994057935
11885,0.6808615994057935
11890,0.6808615994057935
11895,0.6808615994057935
11900,0.6808615994057935
11905,0.6808615994057935
11910,0.6808615994057935
11915,0.6808615994057935
11920,0.6808615994057935
11925,0.6808615994057935
11930,0.6808615994057935
11935,0.6808615994057935
11940,0.6808615994057935
11945,0.6808615994057935
11950,0.6808615994057935
11955,0.6808615994057935
11960,0.6808615994057935
11965,0.6808615994057935
11970,0.6808615994057935
11975,0.6808615994057935
11980,0.6808615994057935
11985,0.6808615994057935
11990,0.6808615994057935
11995,0.6808615994057935
12000,0.6808615994057935
12005,0.6808615994057935
12010,0.6808615994057935
12015,0.6808615994057935
12020,0.6808615994057935
12025,0.6808615994057935
12030,0.6808615994057935
12035,0.6808615994057935
12040,0.6808615994057935
12045,0.6808615994057935
12050,0.6808615994057935
12055,0.6808615994057935
12060,0.6808615994057935
12065,0.6808615994057935
12070,0.6808615994057935
12075,0.6808615994057935
12080,0.6808615994057935
12085,0.6808615994057935
12090,0.6808615994057935
12095,0.6808615994057935
12100,0.6808615994057935
12105,0.6808615994057935
12110,0.6808615994057935
12115,0.6808615994057935
12120,0.6808615994057935
12125,0.6808615994057935
12130,0.6808615994057935
12135,0.6808615994057935
12140,0.6808615994057935
12145,0.6808615994057935
12150,0.6808615994057935
12155,0.6808615994057935
12160,0.6808615994057935
12165,0.6808615994057935
12170,0.6808615994057935
12175,0.6808615994057935
12180,0.6808615994057935
12185,0.6808615994057935
12190,0.6808615994057935
12195,0.6808615994057935
12200,0.6808615994057935
12205,0.6808615994057935
12210,0.6808615994057935
12215,0.6808615994057935
12220,0.6808615994057935
12225,0.6808615994057935
12230,0.6808615994057935
12235,0.6808615994057935
12240,0.6808615994057935
12245,0.6808615994057935
12250,0.6808615994057935
12255,0.6808615994057935
12260,0.6808615994057935
12265,0.6808615994057935
12270,0.6808615994057935
12275,0.6808615994057935
12280,0.6808615994057935
12285,0.6808615994057935
12290,0.6808615994057935
12295,0.6808615994057935
12300,0.6808615994057935
12305,0.6808615994057935
12310,0.6808615994057935
12315,0.6808615994057935
12320,0.6808615994057935
12325,0.6808615994057935
12330,0.6808615994057935
12335,0.6808615994057935
12340,0.6808615994057935
12345,0.6808615994057935
12350,0.6808615994057935
12355,0.6808615994057935
12360,0.6808615994057935
12365,0.6808615994057935
12370,0.6808615994057935
12375,0.6808615994057935
12380,0.6808615994057935
12385,0.6808615994057935
12390,0.6808615994057935
12395,0.6808615994057935
12400,0.6808615994057935
12405,0.6808615994057935
12410,0.6808615994057935
12415,0.6808615994057935
12420,0.6808615994057935
12425,0.6808615994057935
12430,0.6808615994057935
12435,0.6808615994057935
12440,0.6808615994057935
12445,0.6808615994057935
12450,0.6808615994057935
12455,0.6808615994057935
12460,0.6808615994057935
12465,0.6808615994057935
12470,0.6808615994057935
12475,0.6808615994057935
12480,0.6808615994057935
12485,0.6808615994057935
12490,0.6808615994057935
12495,0.6808615994057935
12500,0.6808615994057935
12505,0.6808615994057935
12510,0.6808615994057935
12515,0.6808615994057935
12520,0.6808615994057935
12525,0.6808615994057935
12530,0.6808615994057935
12535,0.6808615994057935
12540,0.6808615994057935
12545,0.6808615994057935
12550,0.6808615994057935
12555,0.6808615994057935
12560,0.6808615994057935
12565,0.6808615994057935
12570,0.6808615994057935
12575,0.6808615994057935
12580,0.6808615994057935
12585,0.6808615994057935
12590,0.6808615994057935
12595,0.6808615994057935
12600,0.6808615994057935
12605,0.6808615994057935
12610,0.6808615994057935
12615,0.6808615994057935
12620,0.6808615994057935
12625,0.6808615994057935
12630,0.6808615994057935
12635,0.6808615994057935
12640,0.6808615994057935
12645,0.6808615994057935
12650,0.6808615994057935
12655,0.6808615994057935
12660,0.6808615994057935
12665,0.6808615994057935
12670,0.6808615994057935
12675,0.6808615994057935
12680,0.6808615994057935
12685,0.6808615994057935
12690,0.6808615994057935
12695,0.6808615994057935
12700,0.6808615994057935
12705,0.6808615994057935
12710,0.6808615994057935
12715,0.6808615994057935
12720,0.6808615994057935
12725,0.6808615994057935
12730,0.6808615994057935
12735,0.6808615994057935
12740,0.6808615994057935
12745,0.6808615994057935
12750,0.6808615994057935
12755,0.6808615994057935
12760,0.6808615994057935
12765,0.6808615994057935
12770,0.6808615994057935
12775,0.6808615994057935
12780,0.6808615994057935
12785,0.6808615994057935
12790,0.6808615994057935
12795,0.6808615994057935
12800,0.6808615994057935
12805,0.6808615994057935
12810,0.6808615994057935
12815,0.6808615994057935
12820,0.6808615994057935
12825,0.6808615994057935
12830,0.6808615994057935
12835,0.6808615994057935
12840,0.6808615994057935
12845,0.6808615994057935
12850,0.6808615994057935
12855,0.6808615994057935
12860,0.6808615994057935
12865,0.6808615994057935
12870,0.6808615994057935
12875,0.6808615994057935
12880,0.6808615994057935
12885,0.6808615994057935
12890,0.6808615994057935
12895,0.6808615994057935
12900,0.6808615994057935
12905,0.6808615994057935
12910,0.6808615994057935
12915,0.6808615994057935
12920,0.6808615994057935
12925,0.6808615994057935
12930,0.6808615994057935
12935,0.6808615994057935
12940,0.6808615994057935
12945,0.6808615994057935
12950,0.6808615994057935
12955,0.6808615994057935
12960,0.6808615994057935
12965,0.6808615994057935
12970,0.6808615994057935
12975,0.6808615994057935
12980,0.6808615994057935
12985,0.6808615994057935
12990,0.6808615994057935
12995,0.6808615994057935
13000,0.6808615994057935
13005,0.6808615994057935
13010,0.6808615994057935
13015,0.6808615994057935
13020,0.6808615994057935
13025,0.6808615994057935
13030,0.6808615994057935
13035,0.6808615994057935
13040,0.6808615994057935
13045,0.6808615994057935
13050,0.6808615994057935
13055,0.6808615994057935
13060,0.6808615994057935
13065,0.6808615994057935
13070,0.6808615994057935
13075,0.6808615994057935
13080,0.6808615994057935
13085,0.6808615994057935
13090,0.6808615994057935
13095,0.6808615994057935
13100,0.6808615994057935
13105,0.6808615994057935
13110,0.6808615994057935
13115,0.6808615994057935
13120,0.6808615994057935
13125,0.6808615994057935
13130,0.6808615994057935
13135,0.6808615994057935
13140,0.6808615994057935
13145,0.6808615994057935
13150,0.6808615994057935
13155,0.6808615994057935
13160,0.6808615994057935
13165,0.6808615994057935
13170,0.6808615994057935
13175,0.6808615994057935
13180,0.6808615994057935
13185,0.6808615994057935
13190,0.6808615994057935
13195,0.6808615994057935
13200,0.6808615994057935
13205,0.6808615994057935
13210,0.6808615994057935
13215,0.6808615994057935
13220,0.6808615994057935
13225,0.6808615994057935
13230,0.6808615994057935
13235,0.6808615994057935
13240,0.6808615994057935
13245,0.6808615994057935
13250,0.6808615994057935
13255,0.6808615994057935
13260,0.6808615994057935
13265,0.6808615994057935
13270,0.6808615994057935
13275,0.6808615994057935
13280,0.6808615994057935
13285,0.6808615994057935
13290,0.6808615994057935
13295,0.6808615994057935
13300,0.6808615994057935
13305,0.6808615994057935
13310,0.6808615994057935
13315,0.6808615994057935
13320,0.6808615994057935
13325,0.6808615994057935
13330,0.6808615994057935
13335,0.6808615994057935
13340,0.6808615994057935
13345,0.6808615994057935
13350,0.6808615994057935
13355,0.6808615994057935
13360,0.6808615994057935
13365,0.6808615994057935
13370,0.6808615994057935
13375,0.6808615994057935
13380,0.6808615994057935
13385,0.6808615994057935
13390,0.6808615994057935
13395,0.6808615994057935
13400,0.6808615994057935
13405,0.6808615994057935
13410,0.6808615994057935
13415,0.6808615994057935
13420,0.6808615994057935
13425,0.6808615994057935
13430,0.6808615994057935
13435,0.6808615994057935
13440,0.6808615994057935
13445,0.6808615994057935
13450,0.6808615994057935
13455,0.6808615994057935
13460,0.6808615994057935
13465,0.6808615994057935
13470,0.6808615994057935
13475,0.6808615994057935
13480,0.6808615994057935
13485,0.6808615994057935
13490,0.6808615994057935
13495,0.6808615994057935
13500,0.6808615994057935
13505,0.6808615994057935
13510,0.6808615994057935
13515,0.6808615994057935
13520,0.6808615994057935
13525,0.6808615994057935
13530,0.6808615994057935
13535,0.6808615994057935
13540,0.6808615994057935
13545,0.6808615994057935
13550,0.6808615994057935
13555,0.6808615994057935
13560,0.6808615994057935
13565,0.6808615994057935
13570,0.6808615994057935
13575,0.6808615994057935
13580,0.6808615994057935
13585,0.6808615994057935
13590,0.6808615994057935
13595,0.6808615994057935
13600,0.6808615994057935
13605,0.6808615994057935
13610,0.6808615994057935
13615,0.6808615994057935
13620,0.6808615994057935
13625,0.6808615994057935
13630,0.6808615994057935
13635,0.6808615994057935
13640,0.6808615994057935
13645,0.6808615994057935
13650,0.6808615994057935
13655,0.6808615994057935
13660,0.6808615994057935
13665,0.6808615994057935
13670,0.6808615994057935
13675,0.6808615994057935
13680,0.6808615994057935
13685,0.6808615994057935
13690,0.6808615994057935
13695,0.6808615994057935
13700,0.6808615994057935
13705,0.6808615994057935
13710,0.6808615994057935
13715,0.6808615994057935
13720,0.6808615994057935
13725,0.6808615994057935
13730,0.6808615994057935
13735,0.6808615994057935
13740,0.6808615994057935
13745,0.6808615994057935
13750,0.6808615994057935
13755,0.6808615994057935
13760,0.6808615994057935
13765,0.6808615994057935
13770,0.6808615994057935
13775,0.6808615994057935
13780,0.6808615994057935
13785,0.6808615994057935
13790,0.6808615994057935
13795,0.6808615994057935
13800,0.6808615994057935
13805,0.6808615994057935
13810,0.6808615994057935
13815,0.6808615994057935
13820,0.6808615994057935
13825,0.6808615994057935
13830,0.6808615994057935
13835,0.6808615994057935
13840,0.6808615994057935
13845,0.6808615994057935
13850,0.6808615994057935
13855,0.6808615994057935
13860,0.6808615994057935
13865,0.6808615994057935
13870,0.6808615994057935
13875,0.6808615994057935
13880,0.6808615994057935
13885,0.6808615994057935
13890,0.6808615994057935
13895,0.6808615994057935
13900,0.6808615994057935
13905,0.6808615994057935
13910,0.6808615994057935
13915,0.6808615994057935
13920,0.6808615994057935
13925,0.6808615994057935
13930,0.6808615994057935
13935,0.6808615994057935
13940,0.6808615994057935
13945,0.6808615994057935
13950,0.6808615994057935
13955,0.6808615994057935
13960,0.6808615994057935
13965,0.6808615994057935
13970,0.6808615994057935
13975,0.6808615994057935
13980,0.6808615994057935
13985,0.6808615994057935
13990,0.6808615994057935
13995,0.6808615994057935
14000,0.6808615994057935
14005,0.6808615994057935
14010,0.6808615994057935
14015,0.6808615994057935
14020,0.6808615994057935
14025,0.6808615994057935
14030,0.6808615994057935
14035,0.6808615994057935
14040,0.6808615994057935
14045,0.6808615994057935
14050,0.6808615994057935
14055,0.6808615994057935
14060,0.6808615994057935
14065,0.6808615994057935
14070,0.6808615994057935
14075,0.6808615994057935
14080,0.6808615994057935
14085,0.6808615994057935
14090,0.6808615994057935
14095,0.6808615994057935
14100,0.6808615994057935
14105,0.6808615994057935
14110,0.6808615994057935
14115,0.6808615994057935
14120,0.6808615994057935
14125,0.6808615994057935
14130,0.6808615994057935
14135,0.6808615994057935
14140,0.6808615994057935
14145,0.6808615994057935
14150,0.6808615994057935
14155,0.6808615994057935
14160,0.6808615994057935
14165,0.6808615994057935
14170,0.6808615994057935
14175,0.6808615994057935
14180,0.6808615994057935
14185,0.6808615994057935
14190,0.6808615994057935
14195,0.6808615994057935
14200,0.6808615994057935
14205,0.6808615994057935
14210,0.6808615994057935
14215,0.6808615994057935
14220,0.6808615994057935
14225,0.6808615994057935
14230,0.6808615994057935
14235,0.6808615994057935
14240,0.6808615994057935
14245,0.6808615994057935
14250,0.6808615994057935
14255,0.6808615994057935
14260,0.6808615994057935
14265,0.6808615994057935
14270,0.6808615994057935
14275,0.6808615994057935
14280,0.6808615994057935
14285,0.6808615994057935
14290,0.6808615994057935
14295,0.6808615994057935
14300,0.6808615994057935
14305,0.6808615994057935
14310,0.6808615994057935
14315,0.6808615994057935
14320,0.6808615994057935
14325,0.6808615994057935
14330,0.6808615994057935
14335,0.6808615994057935
14340,0.6808615994057935
14345,0.6808615994057935
14350,0.6808615994057935
14355,0.6808615994057935
14360,0.6808615994057935
14365,0.6808615994057935
14370,0.6808615994057935
14375,0.6808615994057935
14380,0.6808615994057935
14385,0.6808615994057935
14390,0.6808615994057935
14395,0.6808615994057935
14400,0.6808615994057935
14405,0.6808615994057935
14410,0.6808615994057935
14415,0.6808615994057935
14420,0.6808615994057935
14425,0.6808615994057935
14430,0.6808615994057935
14435,0.6808615994057935
14440,0.6808615994057935
14445,0.6808615994057935
14450,0.6808615994057935
14455,0.6808615994057935
14460,0.6808615994057935
14465,0.6808615994057935
14470,0.6808615994057935
14475,0.6808615994057935
14480,0.6808615994057935
14485,0.6808615994057935
14490,0.6808615994057935
14495,0.6808615994057935
14500,0.6808615994057935
14505,0.6808615994057935
14510,0.6808615994057935
14515,0.6808615994057935
14520,0.6808615994057935
14525,0.6808615994057935
14530,0.6808615994057935
14535,0.6808615994057935
14540,0.6808615994057935
14545,0.6808615994057935
14550,0.6808615994057935
14555,0.6808615994057935
14560,0.6808615994057935
14565,0.6808615994057935
14570,0.6808615994057935
14575,0.6808615994057935
14580,0.6808615994057935
14585,0.6808615994057935
14590,0.6808615994057935
14595,0.6808615994057935
14600,0.6808615994057935
14605,0.6808615994057935
14610,0.6808615994057935
14615,0.6808615994057935