step_size,residual_node_ratio
5,0.5147313691507799
10,0.4461500371379054
15,0.44020797227036396
20,0.43971280019806885
25,0.43946521416192125
30,0.43946521416192125
35,0.43946521416192125
40,0.43946521416192125
45,0.43946521416192125
50,0.43946521416192125
55,0.43946521416192125
60,0.43946521416192125
65,0.43946521416192125
70,0.43946521416192125
75,0.43946521416192125
80,0.43946521416192125
85,0.43946521416192125
90,0.43946521416192125
95,0.43946521416192125
100,0.43946521416192125
105,0.43946521416192125
110,0.43946521416192125
115,0.43946521416192125
120,0.43946521416192125
125,0.43946521416192125
130,0.43946521416192125
135,0.43946521416192125
140,0.43946521416192125
145,0.43946521416192125
150,0.43946521416192125
155,0.43946521416192125
160,0.43946521416192125
165,0.43946521416192125
170,0.43946521416192125
175,0.43946521416192125
180,0.43946521416192125
185,0.43946521416192125
190,0.43946521416192125
195,0.43946521416192125
200,0.43946521416192125
205,0.43946521416192125
210,0.43946521416192125
215,0.43946521416192125
220,0.43946521416192125
225,0.43946521416192125
230,0.43946521416192125
235,0.43946521416192125
240,0.43946521416192125
245,0.43946521416192125
250,0.43946521416192125
255,0.43946521416192125
260,0.43946521416192125
265,0.43946521416192125
270,0.43946521416192125
275,0.43946521416192125
280,0.43946521416192125
285,0.43946521416192125
290,0.43946521416192125
295,0.43946521416192125
300,0.43946521416192125
305,0.43946521416192125
310,0.43946521416192125
315,0.43946521416192125
320,0.43946521416192125
325,0.43946521416192125
330,0.43946521416192125
335,0.43946521416192125
340,0.43946521416192125
345,0.43946521416192125
350,0.43946521416192125
355,0.43946521416192125
360,0.43946521416192125
365,0.43946521416192125
370,0.43946521416192125
375,0.43946521416192125
380,0.43946521416192125
385,0.43946521416192125
390,0.43946521416192125
395,0.43946521416192125
400,0.43946521416192125
405,0.43946521416192125
410,0.43946521416192125
415,0.43946521416192125
420,0.43946521416192125
425,0.43946521416192125
430,0.43946521416192125
435,0.43946521416192125
440,0.43946521416192125
445,0.43946521416192125
450,0.43946521416192125
455,0.43946521416192125
460,0.43946521416192125
465,0.43946521416192125
470,0.43946521416192125
475,0.43946521416192125
480,0.43946521416192125
485,0.43946521416192125
490,0.43946521416192125
495,0.43946521416192125
500,0.43946521416192125
505,0.43946521416192125
510,0.43946521416192125
515,0.43946521416192125
520,0.43946521416192125
525,0.43946521416192125
530,0.43946521416192125
535,0.43946521416192125
540,0.43946521416192125
545,0.43946521416192125
550,0.43946521416192125
555,0.43946521416192125
560,0.43946521416192125
565,0.43946521416192125
570,0.43946521416192125
575,0.43946521416192125
580,0.43946521416192125
585,0.43946521416192125
590,0.43946521416192125
595,0.43946521416192125
600,0.43946521416192125
605,0.43946521416192125
610,0.43946521416192125
615,0.43946521416192125
620,0.43946521416192125
625,0.43946521416192125
630,0.43946521416192125
635,0.43946521416192125
640,0.43946521416192125
645,0.43946521416192125
650,0.43946521416192125
655,0.43946521416192125
660,0.43946521416192125
665,0.43946521416192125
670,0.43946521416192125
675,0.43946521416192125
680,0.43946521416192125
685,0.43946521416192125
690,0.43946521416192125
695,0.43946521416192125
700,0.43946521416192125
705,0.43946521416192125
710,0.43946521416192125
715,0.43946521416192125
720,0.43946521416192125
725,0.43946521416192125
730,0.43946521416192125
735,0.43946521416192125
740,0.43946521416192125
745,0.43946521416192125
750,0.43946521416192125
755,0.43946521416192125
760,0.43946521416192125
765,0.43946521416192125
770,0.43946521416192125
775,0.43946521416192125
780,0.43946521416192125
785,0.43946521416192125
790,0.43946521416192125
795,0.43946521416192125
800,0.43946521416192125
805,0.43946521416192125
810,0.43946521416192125
815,0.43946521416192125
820,0.43946521416192125
825,0.43946521416192125
830,0.43946521416192125
835,0.43946521416192125
840,0.43946521416192125
845,0.43946521416192125
850,0.43946521416192125
855,0.43946521416192125
860,0.43946521416192125
865,0.43946521416192125
870,0.43946521416192125
875,0.43946521416192125
880,0.43946521416192125
885,0.43946521416192125
890,0.43946521416192125
895,0.43946521416192125
900,0.43946521416192125
905,0.43946521416192125
910,0.43946521416192125
915,0.43946521416192125
920,0.43946521416192125
925,0.43946521416192125
930,0.43946521416192125
935,0.43946521416192125
940,0.43946521416192125
945,0.43946521416192125
950,0.43946521416192125
955,0.43946521416192125
960,0.43946521416192125
965,0.43946521416192125
970,0.43946521416192125
975,0.43946521416192125
980,0.43946521416192125
985,0.43946521416192125
990,0.43946521416192125
995,0.43946521416192125
1000,0.43946521416192125
1005,0.43946521416192125
1010,0.43946521416192125
1015,0.43946521416192125
1020,0.43946521416192125
1025,0.43946521416192125
1030,0.43946521416192125
1035,0.43946521416192125
1040,0.43946521416192125
1045,0.43946521416192125
1050,0.43946521416192125
1055,0.43946521416192125
1060,0.43946521416192125
1065,0.43946521416192125
1070,0.43946521416192125
1075,0.43946521416192125
1080,0.43946521416192125
1085,0.43946521416192125
1090,0.43946521416192125
1095,0.43946521416192125
1100,0.43946521416192125
1105,0.43946521416192125
1110,0.43946521416192125
1115,0.43946521416192125
1120,0.43946521416192125
1125,0.43946521416192125
1130,0.43946521416192125
1135,0.43946521416192125
1140,0.43946521416192125
1145,0.43946521416192125
1150,0.43946521416192125
1155,0.43946521416192125
1160,0.43946521416192125
1165,0.43946521416192125
1170,0.43946521416192125
1175,0.43946521416192125
1180,0.43946521416192125
1185,0.43946521416192125
1190,0.43946521416192125
1195,0.43946521416192125
1200,0.43946521416192125
1205,0.43946521416192125
1210,0.43946521416192125
1215,0.43946521416192125
1220,0.43946521416192125
1225,0.43946521416192125
1230,0.43946521416192125
1235,0.43946521416192125
1240,0.43946521416192125
1245,0.43946521416192125
1250,0.43946521416192125
1255,0.43946521416192125
1260,0.43946521416192125
1265,0.43946521416192125
1270,0.43946521416192125
1275,0.43946521416192125
1280,0.43946521416192125
1285,0.43946521416192125
1290,0.43946521416192125
1295,0.43946521416192125
1300,0.43946521416192125
1305,0.43946521416192125
1310,0.43946521416192125
1315,0.43946521416192125
1320,0.43946521416192125
1325,0.43946521416192125
1330,0.43946521416192125
1335,0.43946521416192125
1340,0.43946521416192125
1345,0.43946521416192125
1350,0.43946521416192125
1355,0.43946521416192125
1360,0.43946521416192125
1365,0.43946521416192125
1370,0.43946521416192125
1375,0.43946521416192125
1380,0.43946521416192125
1385,0.43946521416192125
1390,0.43946521416192125
1395,0.43946521416192125
1400,0.43946521416192125
1405,0.43946521416192125
1410,0.43946521416192125
1415,0.43946521416192125
1420,0.43946521416192125
1425,0.43946521416192125
1430,0.43946521416192125
1435,0.43946521416192125
1440,0.43946521416192125
1445,0.43946521416192125
1450,0.43946521416192125
1455,0.43946521416192125
1460,0.43946521416192125
1465,0.43946521416192125
1470,0.43946521416192125
1475,0.43946521416192125
1480,0.43946521416192125
1485,0.43946521416192125
1490,0.43946521416192125
1495,0.43946521416192125
1500,0.43946521416192125
1505,0.43946521416192125
1510,0.43946521416192125
1515,0.43946521416192125
1520,0.43946521416192125
1525,0.43946521416192125
1530,0.43946521416192125
1535,0.43946521416192125
1540,0.43946521416192125
1545,0.43946521416192125
1550,0.43946521416192125
1555,0.43946521416192125
1560,0.43946521416192125
1565,0.43946521416192125
1570,0.43946521416192125
1575,0.43946521416192125
1580,0.43946521416192125
1585,0.43946521416192125
1590,0.43946521416192125
1595,0.43946521416192125
1600,0.43946521416192125
1605,0.43946521416192125
1610,0.43946521416192125
1615,0.43946521416192125
1620,0.43946521416192125
1625,0.43946521416192125
1630,0.43946521416192125
1635,0.43946521416192125
1640,0.43946521416192125
1645,0.43946521416192125
1650,0.43946521416192125
1655,0.43946521416192125
1660,0.43946521416192125
1665,0.43946521416192125
1670,0.43946521416192125
1675,0.43946521416192125
1680,0.43946521416192125
1685,0.43946521416192125
1690,0.43946521416192125
1695,0.43946521416192125
1700,0.43946521416192125
1705,0.43946521416192125
1710,0.43946521416192125
1715,0.43946521416192125
1720,0.43946521416192125
1725,0.43946521416192125
1730,0.43946521416192125
1735,0.43946521416192125
1740,0.43946521416192125
1745,0.43946521416192125
1750,0.43946521416192125
1755,0.43946521416192125
1760,0.43946521416192125
1765,0.43946521416192125
1770,0.43946521416192125
1775,0.43946521416192125
1780,0.43946521416192125
1785,0.43946521416192125
1790,0.43946521416192125
1795,0.43946521416192125
1800,0.43946521416192125
1805,0.43946521416192125
1810,0.43946521416192125
1815,0.43946521416192125
1820,0.43946521416192125
1825,0.43946521416192125
1830,0.43946521416192125
1835,0.43946521416192125
1840,0.43946521416192125
1845,0.43946521416192125
1850,0.43946521416192125
1855,0.43946521416192125
1860,0.43946521416192125
1865,0.43946521416192125
1870,0.43946521416192125
1875,0.43946521416192125
1880,0.43946521416192125
1885,0.43946521416192125
1890,0.43946521416192125
1895,0.43946521416192125
1900,0.43946521416192125
1905,0.43946521416192125
1910,0.43946521416192125
1915,0.43946521416192125
1920,0.43946521416192125
1925,0.43946521416192125
1930,0.43946521416192125
1935,0.43946521416192125
1940,0.43946521416192125
1945,0.43946521416192125
1950,0.43946521416192125
1955,0.43946521416192125
1960,0.43946521416192125
1965,0.43946521416192125
1970,0.43946521416192125
1975,0.43946521416192125
1980,0.43946521416192125
1985,0.43946521416192125
1990,0.43946521416192125
1995,0.43946521416192125
2000,0.43946521416192125
2005,0.43946521416192125
2010,0.43946521416192125
2015,0.43946521416192125
2020,0.43946521416192125
2025,0.43946521416192125
2030,0.43946521416192125
2035,0.43946521416192125
2040,0.43946521416192125
2045,0.43946521416192125
2050,0.43946521416192125
2055,0.43946521416192125
2060,0.43946521416192125
2065,0.43946521416192125
2070,0.43946521416192125
2075,0.43946521416192125
2080,0.43946521416192125
2085,0.43946521416192125
2090,0.43946521416192125
2095,0.43946521416192125
2100,0.43946521416192125
2105,0.43946521416192125
2110,0.43946521416192125
2115,0.43946521416192125
2120,0.43946521416192125
2125,0.43946521416192125
2130,0.43946521416192125
2135,0.43946521416192125
2140,0.43946521416192125
2145,0.43946521416192125
2150,0.43946521416192125
2155,0.43946521416192125
2160,0.43946521416192125
2165,0.43946521416192125
2170,0.43946521416192125
2175,0.43946521416192125
2180,0.43946521416192125
2185,0.43946521416192125
2190,0.43946521416192125
2195,0.43946521416192125
2200,0.43946521416192125
2205,0.43946521416192125
2210,0.43946521416192125
2215,0.43946521416192125
2220,0.43946521416192125
2225,0.43946521416192125
2230,0.43946521416192125
2235,0.43946521416192125
2240,0.43946521416192125
2245,0.43946521416192125
2250,0.43946521416192125
2255,0.43946521416192125
2260,0.43946521416192125
2265,0.43946521416192125
2270,0.43946521416192125
2275,0.43946521416192125
2280,0.43946521416192125
2285,0.43946521416192125
2290,0.43946521416192125
2295,0.43946521416192125
2300,0.43946521416192125
2305,0.43946521416192125
2310,0.43946521416192125
2315,0.43946521416192125
2320,0.43946521416192125
2325,0.43946521416192125
2330,0.43946521416192125
2335,0.43946521416192125
2340,0.43946521416192125
2345,0.43946521416192125
2350,0.43946521416192125
2355,0.43946521416192125
2360,0.43946521416192125
2365,0.43946521416192125
2370,0.43946521416192125
2375,0.43946521416192125
2380,0.43946521416192125
2385,0.43946521416192125
2390,0.43946521416192125
2395,0.43946521416192125
2400,0.43946521416192125
2405,0.43946521416192125
2410,0.43946521416192125
2415,0.43946521416192125
2420,0.43946521416192125
2425,0.43946521416192125
2430,0.43946521416192125
2435,0.43946521416192125
2440,0.43946521416192125
2445,0.43946521416192125
2450,0.43946521416192125
2455,0.43946521416192125
2460,0.43946521416192125
2465,0.43946521416192125
2470,0.43946521416192125
2475,0.43946521416192125
2480,0.43946521416192125
2485,0.43946521416192125
2490,0.43946521416192125
2495,0.43946521416192125
2500,0.43946521416192125
2505,0.43946521416192125
2510,0.43946521416192125
2515,0.43946521416192125
2520,0.43946521416192125
2525,0.43946521416192125
2530,0.43946521416192125
2535,0.43946521416192125
2540,0.43946521416192125
2545,0.43946521416192125
2550,0.43946521416192125
2555,0.43946521416192125
2560,0.43946521416192125
2565,0.43946521416192125
2570,0.43946521416192125
2575,0.43946521416192125
2580,0.43946521416192125
2585,0.43946521416192125
2590,0.43946521416192125
2595,0.43946521416192125
2600,0.43946521416192125
2605,0.43946521416192125
2610,0.43946521416192125
2615,0.43946521416192125
2620,0.43946521416192125
2625,0.43946521416192125
2630,0.43946521416192125
2635,0.43946521416192125
2640,0.43946521416192125
2645,0.43946521416192125
2650,0.43946521416192125
2655,0.43946521416192125
2660,0.43946521416192125
2665,0.43946521416192125
2670,0.43946521416192125
2675,0.43946521416192125
2680,0.43946521416192125
2685,0.43946521416192125
2690,0.43946521416192125
2695,0.43946521416192125
2700,0.43946521416192125
2705,0.43946521416192125
2710,0.43946521416192125
2715,0.43946521416192125
2720,0.43946521416192125
2725,0.43946521416192125
2730,0.43946521416192125
2735,0.43946521416192125
2740,0.43946521416192125
2745,0.43946521416192125
2750,0.43946521416192125
2755,0.43946521416192125
2760,0.43946521416192125
2765,0.43946521416192125
2770,0.43946521416192125
2775,0.43946521416192125
2780,0.43946521416192125
2785,0.43946521416192125
2790,0.43946521416192125
2795,0.43946521416192125
2800,0.43946521416192125
2805,0.43946521416192125
2810,0.43946521416192125
2815,0.43946521416192125
2820,0.43946521416192125
2825,0.43946521416192125
2830,0.43946521416192125
2835,0.43946521416192125
2840,0.43946521416192125
2845,0.43946521416192125
2850,0.43946521416192125
2855,0.43946521416192125
2860,0.43946521416192125
2865,0.43946521416192125
2870,0.43946521416192125
2875,0.43946521416192125
2880,0.43946521416192125
2885,0.43946521416192125
2890,0.43946521416192125
2895,0.43946521416192125
2900,0.43946521416192125
2905,0.43946521416192125
2910,0.43946521416192125
2915,0.43946521416192125
2920,0.43946521416192125
2925,0.43946521416192125
2930,0.43946521416192125
2935,0.43946521416192125
2940,0.43946521416192125
2945,0.43946521416192125
2950,0.43946521416192125
2955,0.43946521416192125
2960,0.43946521416192125
2965,0.43946521416192125
2970,0.43946521416192125
2975,0.43946521416192125
2980,0.43946521416192125
2985,0.43946521416192125
2990,0.43946521416192125
2995,0.43946521416192125
3000,0.43946521416192125
3005,0.43946521416192125
3010,0.43946521416192125
3015,0.43946521416192125
3020,0.43946521416192125
3025,0.43946521416192125
3030,0.43946521416192125
3035,0.43946521416192125
3040,0.43946521416192125
3045,0.43946521416192125
3050,0.43946521416192125
3055,0.43946521416192125
3060,0.43946521416192125
3065,0.43946521416192125
3070,0.43946521416192125
3075,0.43946521416192125
3080,0.43946521416192125
3085,0.43946521416192125
3090,0.43946521416192125
3095,0.43946521416192125
3100,0.43946521416192125
3105,0.43946521416192125
3110,0.43946521416192125
3115,0.43946521416192125
3120,0.43946521416192125
3125,0.43946521416192125
3130,0.43946521416192125
3135,0.43946521416192125
3140,0.43946521416192125
3145,0.43946521416192125
3150,0.43946521416192125
3155,0.43946521416192125
3160,0.43946521416192125
3165,0.43946521416192125
3170,0.43946521416192125
3175,0.43946521416192125
3180,0.43946521416192125
3185,0.43946521416192125
3190,0.43946521416192125
3195,0.43946521416192125
3200,0.43946521416192125
3205,0.43946521416192125
3210,0.43946521416192125
3215,0.43946521416192125
3220,0.43946521416192125
3225,0.43946521416192125
3230,0.43946521416192125
3235,0.43946521416192125
3240,0.43946521416192125
3245,0.43946521416192125
3250,0.43946521416192125
3255,0.43946521416192125
3260,0.43946521416192125
3265,0.43946521416192125
3270,0.43946521416192125
3275,0.43946521416192125
3280,0.43946521416192125
3285,0.43946521416192125
3290,0.43946521416192125
3295,0.43946521416192125
3300,0.43946521416192125
3305,0.43946521416192125
3310,0.43946521416192125
3315,0.43946521416192125
3320,0.43946521416192125
3325,0.43946521416192125
3330,0.43946521416192125
3335,0.43946521416192125
3340,0.43946521416192125
3345,0.43946521416192125
3350,0.43946521416192125
3355,0.43946521416192125
3360,0.43946521416192125
3365,0.43946521416192125
3370,0.43946521416192125
3375,0.43946521416192125
3380,0.43946521416192125
3385,0.43946521416192125
3390,0.43946521416192125
3395,0.43946521416192125
3400,0.43946521416192125
3405,0.43946521416192125
3410,0.43946521416192125
3415,0.43946521416192125
3420,0.43946521416192125
3425,0.43946521416192125
3430,0.43946521416192125
3435,0.43946521416192125
3440,0.43946521416192125
3445,0.43946521416192125
3450,0.43946521416192125
3455,0.43946521416192125
3460,0.43946521416192125
3465,0.43946521416192125
3470,0.43946521416192125
3475,0.43946521416192125
3480,0.43946521416192125
3485,0.43946521416192125
3490,0.43946521416192125
3495,0.43946521416192125
3500,0.43946521416192125
3505,0.43946521416192125
3510,0.43946521416192125
3515,0.43946521416192125
3520,0.43946521416192125
3525,0.43946521416192125
3530,0.43946521416192125
3535,0.43946521416192125
3540,0.43946521416192125
3545,0.43946521416192125
3550,0.43946521416192125
3555,0.43946521416192125
3560,0.43946521416192125
3565,0.43946521416192125
3570,0.43946521416192125
3575,0.43946521416192125
3580,0.43946521416192125
3585,0.43946521416192125
3590,0.43946521416192125
3595,0.43946521416192125
3600,0.43946521416192125
3605,0.43946521416192125
3610,0.43946521416192125
3615,0.43946521416192125
3620,0.43946521416192125
3625,0.43946521416192125
3630,0.43946521416192125
3635,0.43946521416192125
3640,0.43946521416192125
3645,0.43946521416192125
3650,0.43946521416192125
3655,0.43946521416192125
3660,0.43946521416192125
3665,0.43946521416192125
3670,0.43946521416192125
3675,0.43946521416192125
3680,0.43946521416192125
3685,0.43946521416192125
3690,0.43946521416192125
3695,0.43946521416192125
3700,0.43946521416192125
3705,0.43946521416192125
3710,0.43946521416192125
3715,0.43946521416192125
3720,0.43946521416192125
3725,0.43946521416192125
3730,0.43946521416192125
3735,0.43946521416192125
3740,0.43946521416192125
3745,0.43946521416192125
3750,0.43946521416192125
3755,0.43946521416192125
3760,0.43946521416192125
3765,0.43946521416192125
3770,0.43946521416192125
3775,0.43946521416192125
3780,0.43946521416192125
3785,0.43946521416192125
3790,0.43946521416192125
3795,0.43946521416192125
3800,0.43946521416192125
3805,0.43946521416192125
3810,0.43946521416192125
3815,0.43946521416192125
3820,0.43946521416192125
3825,0.43946521416192125
3830,0.43946521416192125
3835,0.43946521416192125
3840,0.43946521416192125
3845,0.43946521416192125
3850,0.43946521416192125
3855,0.43946521416192125
3860,0.43946521416192125
3865,0.43946521416192125
3870,0.43946521416192125
3875,0.43946521416192125
3880,0.43946521416192125
3885,0.43946521416192125
3890,0.43946521416192125
3895,0.43946521416192125
3900,0.43946521416192125
3905,0.43946521416192125
3910,0.43946521416192125
3915,0.43946521416192125
3920,0.43946521416192125
3925,0.43946521416192125
3930,0.43946521416192125
3935,0.43946521416192125
3940,0.43946521416192125
3945,0.43946521416192125
3950,0.43946521416192125
3955,0.43946521416192125
3960,0.43946521416192125
3965,0.43946521416192125
3970,0.43946521416192125
3975,0.43946521416192125
3980,0.43946521416192125
3985,0.43946521416192125
3990,0.43946521416192125
3995,0.43946521416192125
4000,0.43946521416192125
4005,0.43946521416192125
4010,0.43946521416192125
4015,0.43946521416192125
4020,0.43946521416192125
4025,0.43946521416192125
4030,0.43946521416192125
4035,0.43946521416192125
4040,0.43946521416192125
4045,0.43946521416192125
4050,0.43946521416192125
4055,0.43946521416192125
4060,0.43946521416192125
4065,0.43946521416192125
4070,0.43946521416192125
4075,0.43946521416192125
4080,0.43946521416192125
4085,0.43946521416192125
4090,0.43946521416192125
4095,0.43946521416192125
4100,0.43946521416192125
4105,0.43946521416192125
4110,0.43946521416192125
4115,0.43946521416192125
4120,0.43946521416192125
4125,0.43946521416192125
4130,0.43946521416192125
4135,0.43946521416192125
4140,0.43946521416192125
4145,0.43946521416192125
4150,0.43946521416192125
4155,0.43946521416192125
4160,0.43946521416192125
4165,0.43946521416192125
4170,0.43946521416192125
4175,0.43946521416192125
4180,0.43946521416192125
4185,0.43946521416192125
4190,0.43946521416192125
4195,0.43946521416192125
4200,0.43946521416192125
4205,0.43946521416192125
4210,0.43946521416192125
4215,0.43946521416192125
4220,0.43946521416192125
4225,0.43946521416192125
4230,0.43946521416192125
4235,0.43946521416192125
4240,0.43946521416192125
4245,0.43946521416192125
4250,0.43946521416192125
4255,0.43946521416192125
4260,0.43946521416192125
4265,0.43946521416192125
4270,0.43946521416192125
4275,0.43946521416192125
4280,0.43946521416192125
4285,0.43946521416192125
4290,0.43946521416192125
4295,0.43946521416192125
4300,0.43946521416192125
4305,0.43946521416192125
4310,0.43946521416192125
4315,0.43946521416192125
4320,0.43946521416192125
4325,0.43946521416192125
4330,0.43946521416192125
4335,0.43946521416192125
4340,0.43946521416192125
4345,0.43946521416192125
4350,0.43946521416192125
4355,0.43946521416192125
4360,0.43946521416192125
4365,0.43946521416192125
4370,0.43946521416192125
4375,0.43946521416192125
4380,0.43946521416192125
4385,0.43946521416192125
4390,0.43946521416192125
4395,0.43946521416192125
4400,0.43946521416192125
4405,0.43946521416192125
4410,0.43946521416192125
4415,0.43946521416192125
4420,0.43946521416192125
4425,0.43946521416192125
4430,0.43946521416192125
4435,0.43946521416192125
4440,0.43946521416192125
4445,0.43946521416192125
4450,0.43946521416192125
4455,0.43946521416192125
4460,0.43946521416192125
4465,0.43946521416192125
4470,0.43946521416192125
4475,0.43946521416192125
4480,0.43946521416192125
4485,0.43946521416192125
4490,0.43946521416192125
4495,0.43946521416192125
4500,0.43946521416192125
4505,0.43946521416192125
4510,0.43946521416192125
4515,0.43946521416192125
4520,0.43946521416192125
4525,0.43946521416192125
4530,0.43946521416192125
4535,0.43946521416192125
4540,0.43946521416192125
4545,0.43946521416192125
4550,0.43946521416192125
4555,0.43946521416192125
4560,0.43946521416192125
4565,0.43946521416192125
4570,0.43946521416192125
4575,0.43946521416192125
4580,0.43946521416192125
4585,0.43946521416192125
4590,0.43946521416192125
4595,0.43946521416192125
4600,0.43946521416192125
4605,0.43946521416192125
4610,0.43946521416192125
4615,0.43946521416192125
4620,0.43946521416192125
4625,0.43946521416192125
4630,0.43946521416192125
4635,0.43946521416192125
4640,0.43946521416192125
4645,0.43946521416192125
4650,0.43946521416192125
4655,0.43946521416192125
4660,0.43946521416192125
4665,0.43946521416192125
4670,0.43946521416192125
4675,0.43946521416192125
4680,0.43946521416192125
4685,0.43946521416192125
4690,0.43946521416192125
4695,0.43946521416192125
4700,0.43946521416192125
4705,0.43946521416192125
4710,0.43946521416192125
4715,0.43946521416192125
4720,0.43946521416192125
4725,0.43946521416192125
4730,0.43946521416192125
4735,0.43946521416192125
4740,0.43946521416192125
4745,0.43946521416192125
4750,0.43946521416192125
4755,0.43946521416192125
4760,0.43946521416192125
4765,0.43946521416192125
4770,0.43946521416192125
4775,0.43946521416192125
4780,0.43946521416192125
4785,0.43946521416192125
4790,0.43946521416192125
4795,0.43946521416192125
4800,0.43946521416192125
4805,0.43946521416192125
4810,0.43946521416192125
4815,0.43946521416192125
4820,0.43946521416192125
4825,0.43946521416192125
4830,0.43946521416192125
4835,0.43946521416192125
4840,0.43946521416192125
4845,0.43946521416192125
4850,0.43946521416192125
4855,0.43946521416192125
4860,0.43946521416192125
4865,0.43946521416192125
4870,0.43946521416192125
4875,0.43946521416192125
4880,0.43946521416192125
4885,0.43946521416192125
4890,0.43946521416192125
4895,0.43946521416192125
4900,0.43946521416192125
4905,0.43946521416192125
4910,0.43946521416192125
4915,0.43946521416192125
4920,0.43946521416192125
4925,0.43946521416192125
4930,0.43946521416192125
4935,0.43946521416192125
4940,0.43946521416192125
4945,0.43946521416192125
4950,0.43946521416192125
4955,0.43946521416192125
4960,0.43946521416192125
4965,0.43946521416192125
4970,0.43946521416192125
4975,0.43946521416192125
4980,0.43946521416192125
4985,0.43946521416192125
4990,0.43946521416192125
4995,0.43946521416192125
5000,0.43946521416192125
5005,0.43946521416192125
5010,0.43946521416192125
5015,0.43946521416192125
5020,0.43946521416192125
5025,0.43946521416192125
5030,0.43946521416192125
5035,0.43946521416192125
5040,0.43946521416192125
5045,0.43946521416192125
5050,0.43946521416192125
5055,0.43946521416192125
5060,0.43946521416192125
5065,0.43946521416192125
5070,0.43946521416192125
5075,0.43946521416192125
5080,0.43946521416192125
5085,0.43946521416192125
5090,0.43946521416192125
5095,0.43946521416192125
5100,0.43946521416192125
5105,0.43946521416192125
5110,0.43946521416192125
5115,0.43946521416192125
5120,0.43946521416192125
5125,0.43946521416192125
5130,0.43946521416192125
5135,0.43946521416192125
5140,0.43946521416192125
5145,0.43946521416192125
5150,0.43946521416192125
5155,0.43946521416192125
5160,0.43946521416192125
5165,0.43946521416192125
5170,0.43946521416192125
5175,0.43946521416192125
5180,0.43946521416192125
5185,0.43946521416192125
5190,0.43946521416192125
5195,0.43946521416192125
5200,0.43946521416192125
5205,0.43946521416192125
5210,0.43946521416192125
5215,0.43946521416192125
5220,0.43946521416192125
5225,0.43946521416192125
5230,0.43946521416192125
5235,0.43946521416192125
5240,0.43946521416192125
5245,0.43946521416192125
5250,0.43946521416192125
5255,0.43946521416192125
5260,0.43946521416192125
5265,0.43946521416192125
5270,0.43946521416192125
5275,0.43946521416192125
5280,0.43946521416192125
5285,0.43946521416192125
5290,0.43946521416192125
5295,0.43946521416192125
5300,0.43946521416192125
5305,0.43946521416192125
5310,0.43946521416192125
5315,0.43946521416192125
5320,0.43946521416192125
5325,0.43946521416192125
5330,0.43946521416192125
5335,0.43946521416192125
5340,0.43946521416192125
5345,0.43946521416192125
5350,0.43946521416192125
5355,0.43946521416192125
5360,0.43946521416192125
5365,0.43946521416192125
5370,0.43946521416192125
5375,0.43946521416192125
5380,0.43946521416192125
5385,0.43946521416192125
5390,0.43946521416192125
5395,0.43946521416192125
5400,0.43946521416192125
5405,0.43946521416192125
5410,0.43946521416192125
5415,0.43946521416192125
5420,0.43946521416192125
5425,0.43946521416192125
5430,0.43946521416192125
5435,0.43946521416192125
5440,0.43946521416192125
5445,0.43946521416192125
5450,0.43946521416192125
5455,0.43946521416192125
5460,0.43946521416192125
5465,0.43946521416192125
5470,0.43946521416192125
5475,0.43946521416192125
5480,0.43946521416192125
5485,0.43946521416192125
5490,0.43946521416192125
5495,0.43946521416192125
5500,0.43946521416192125
5505,0.43946521416192125
5510,0.43946521416192125
5515,0.43946521416192125
5520,0.43946521416192125
5525,0.43946521416192125
5530,0.43946521416192125
5535,0.43946521416192125
5540,0.43946521416192125
5545,0.43946521416192125
5550,0.43946521416192125
5555,0.43946521416192125
5560,0.43946521416192125
5565,0.43946521416192125
5570,0.43946521416192125
5575,0.43946521416192125
5580,0.43946521416192125
5585,0.43946521416192125
5590,0.43946521416192125
5595,0.43946521416192125
5600,0.43946521416192125
5605,0.43946521416192125
5610,0.43946521416192125
5615,0.43946521416192125
5620,0.43946521416192125
5625,0.43946521416192125
5630,0.43946521416192125
5635,0.43946521416192125
5640,0.43946521416192125
5645,0.43946521416192125
5650,0.43946521416192125
5655,0.43946521416192125
5660,0.43946521416192125
5665,0.43946521416192125
5670,0.43946521416192125
5675,0.43946521416192125
5680,0.43946521416192125
5685,0.43946521416192125
5690,0.43946521416192125
5695,0.43946521416192125
5700,0.43946521416192125
5705,0.43946521416192125
5710,0.43946521416192125
5715,0.43946521416192125
5720,0.43946521416192125
5725,0.43946521416192125
5730,0.43946521416192125
5735,0.43946521416192125
5740,0.43946521416192125
5745,0.43946521416192125
5750,0.43946521416192125
5755,0.43946521416192125
5760,0.43946521416192125
5765,0.43946521416192125
5770,0.43946521416192125
5775,0.43946521416192125
5780,0.43946521416192125
5785,0.43946521416192125
5790,0.43946521416192125
5795,0.43946521416192125
5800,0.43946521416192125
5805,0.43946521416192125
5810,0.43946521416192125
5815,0.43946521416192125
5820,0.43946521416192125
5825,0.43946521416192125
5830,0.43946521416192125
5835,0.43946521416192125
5840,0.43946521416192125
5845,0.43946521416192125
5850,0.43946521416192125
5855,0.43946521416192125
5860,0.43946521416192125
5865,0.43946521416192125
5870,0.43946521416192125
5875,0.43946521416192125
5880,0.43946521416192125
5885,0.43946521416192125
5890,0.43946521416192125
5895,0.43946521416192125
5900,0.43946521416192125
5905,0.43946521416192125
5910,0.43946521416192125
5915,0.43946521416192125
5920,0.43946521416192125
5925,0.43946521416192125
5930,0.43946521416192125
5935,0.43946521416192125
5940,0.43946521416192125
5945,0.43946521416192125
5950,0.43946521416192125
5955,0.43946521416192125
5960,0.43946521416192125
5965,0.43946521416192125
5970,0.43946521416192125
5975,0.43946521416192125
5980,0.43946521416192125
5985,0.43946521416192125
5990,0.43946521416192125
5995,0.43946521416192125
6000,0.43946521416192125
6005,0.43946521416192125
6010,0.43946521416192125
6015,0.43946521416192125
6020,0.43946521416192125
6025,0.43946521416192125
6030,0.43946521416192125
6035,0.43946521416192125
6040,0.43946521416192125
6045,0.43946521416192125
6050,0.43946521416192125
6055,0.43946521416192125
6060,0.43946521416192125
6065,0.43946521416192125
6070,0.43946521416192125
6075,0.43946521416192125
6080,0.43946521416192125
6085,0.43946521416192125
6090,0.43946521416192125
6095,0.43946521416192125
6100,0.43946521416192125
6105,0.43946521416192125
6110,0.43946521416192125
6115,0.43946521416192125
6120,0.43946521416192125
6125,0.43946521416192125
6130,0.43946521416192125
6135,0.43946521416192125
6140,0.43946521416192125
6145,0.43946521416192125
6150,0.43946521416192125
6155,0.43946521416192125
6160,0.43946521416192125
6165,0.43946521416192125
6170,0.43946521416192125
6175,0.43946521416192125
6180,0.43946521416192125
6185,0.43946521416192125
6190,0.43946521416192125
6195,0.43946521416192125
6200,0.43946521416192125
6205,0.43946521416192125
6210,0.43946521416192125
6215,0.43946521416192125
6220,0.43946521416192125
6225,0.43946521416192125
6230,0.43946521416192125
6235,0.43946521416192125
6240,0.43946521416192125
6245,0.43946521416192125
6250,0.43946521416192125
6255,0.43946521416192125
6260,0.43946521416192125
6265,0.43946521416192125
6270,0.43946521416192125
6275,0.43946521416192125
6280,0.43946521416192125
6285,0.43946521416192125
6290,0.43946521416192125
6295,0.43946521416192125
6300,0.43946521416192125
6305,0.43946521416192125
6310,0.43946521416192125
6315,0.43946521416192125
6320,0.43946521416192125
6325,0.43946521416192125
6330,0.43946521416192125
6335,0.43946521416192125
6340,0.43946521416192125
6345,0.43946521416192125
6350,0.43946521416192125
6355,0.43946521416192125
6360,0.43946521416192125
6365,0.43946521416192125
6370,0.43946521416192125
6375,0.43946521416192125
6380,0.43946521416192125
6385,0.43946521416192125
6390,0.43946521416192125
6395,0.43946521416192125
6400,0.43946521416192125
6405,0.43946521416192125
6410,0.43946521416192125
6415,0.43946521416192125
6420,0.43946521416192125
6425,0.43946521416192125
6430,0.43946521416192125
6435,0.43946521416192125
6440,0.43946521416192125
6445,0.43946521416192125
6450,0.43946521416192125
6455,0.43946521416192125
6460,0.43946521416192125
6465,0.43946521416192125
6470,0.43946521416192125
6475,0.43946521416192125
6480,0.43946521416192125
6485,0.43946521416192125
6490,0.43946521416192125
6495,0.43946521416192125
6500,0.43946521416192125
6505,0.43946521416192125
6510,0.43946521416192125
6515,0.43946521416192125
6520,0.43946521416192125
6525,0.43946521416192125
6530,0.43946521416192125
6535,0.43946521416192125
6540,0.43946521416192125
6545,0.43946521416192125
6550,0.43946521416192125
6555,0.43946521416192125
6560,0.43946521416192125
6565,0.43946521416192125
6570,0.43946521416192125
6575,0.43946521416192125
6580,0.43946521416192125
6585,0.43946521416192125
6590,0.43946521416192125
6595,0.43946521416192125
6600,0.43946521416192125
6605,0.43946521416192125
6610,0.43946521416192125
6615,0.43946521416192125
6620,0.43946521416192125
6625,0.43946521416192125
6630,0.43946521416192125
6635,0.43946521416192125
6640,0.43946521416192125
6645,0.43946521416192125
6650,0.43946521416192125
6655,0.43946521416192125
6660,0.43946521416192125
6665,0.43946521416192125
6670,0.43946521416192125
6675,0.43946521416192125
6680,0.43946521416192125
6685,0.43946521416192125
6690,0.43946521416192125
6695,0.43946521416192125
6700,0.43946521416192125
6705,0.43946521416192125
6710,0.43946521416192125
6715,0.43946521416192125
6720,0.43946521416192125
6725,0.43946521416192125
6730,0.43946521416192125
6735,0.43946521416192125
6740,0.43946521416192125
6745,0.43946521416192125
6750,0.43946521416192125
6755,0.43946521416192125
6760,0.43946521416192125
6765,0.43946521416192125
6770,0.43946521416192125
6775,0.43946521416192125
6780,0.43946521416192125
6785,0.43946521416192125
6790,0.43946521416192125
6795,0.43946521416192125
6800,0.43946521416192125
6805,0.43946521416192125
6810,0.43946521416192125
6815,0.43946521416192125
6820,0.43946521416192125
6825,0.43946521416192125
6830,0.43946521416192125
6835,0.43946521416192125
6840,0.43946521416192125
6845,0.43946521416192125
6850,0.43946521416192125
6855,0.43946521416192125
6860,0.43946521416192125
6865,0.43946521416192125
6870,0.43946521416192125
6875,0.43946521416192125
6880,0.43946521416192125
6885,0.43946521416192125
6890,0.43946521416192125
6895,0.43946521416192125
6900,0.43946521416192125
6905,0.43946521416192125
6910,0.43946521416192125
6915,0.43946521416192125
6920,0.43946521416192125
6925,0.43946521416192125
6930,0.43946521416192125
6935,0.43946521416192125
6940,0.43946521416192125
6945,0.43946521416192125
6950,0.43946521416192125
6955,0.43946521416192125
6960,0.43946521416192125
6965,0.43946521416192125
6970,0.43946521416192125
6975,0.43946521416192125
6980,0.43946521416192125
6985,0.43946521416192125
6990,0.43946521416192125
6995,0.43946521416192125
7000,0.43946521416192125
7005,0.43946521416192125
7010,0.43946521416192125
7015,0.43946521416192125
7020,0.43946521416192125
7025,0.43946521416192125
7030,0.43946521416192125
7035,0.43946521416192125
7040,0.43946521416192125
7045,0.43946521416192125
7050,0.43946521416192125
7055,0.43946521416192125
7060,0.43946521416192125
7065,0.43946521416192125
7070,0.43946521416192125
7075,0.43946521416192125
7080,0.43946521416192125
7085,0.43946521416192125
7090,0.43946521416192125
7095,0.43946521416192125
7100,0.43946521416192125
7105,0.43946521416192125
7110,0.43946521416192125
7115,0.43946521416192125
7120,0.43946521416192125
7125,0.43946521416192125
7130,0.43946521416192125
7135,0.43946521416192125
7140,0.43946521416192125
7145,0.43946521416192125
7150,0.43946521416192125
7155,0.43946521416192125
7160,0.43946521416192125
7165,0.43946521416192125
7170,0.43946521416192125
7175,0.43946521416192125
7180,0.43946521416192125
7185,0.43946521416192125
7190,0.43946521416192125
7195,0.43946521416192125
7200,0.43946521416192125
7205,0.43946521416192125
7210,0.43946521416192125
7215,0.43946521416192125
7220,0.43946521416192125
7225,0.43946521416192125
7230,0.43946521416192125
7235,0.43946521416192125
7240,0.43946521416192125
7245,0.43946521416192125
7250,0.43946521416192125
7255,0.43946521416192125
7260,0.43946521416192125
7265,0.43946521416192125
7270,0.43946521416192125
7275,0.43946521416192125
7280,0.43946521416192125
7285,0.43946521416192125
7290,0.43946521416192125
7295,0.43946521416192125
7300,0.43946521416192125
7305,0.43946521416192125
7310,0.43946521416192125
7315,0.43946521416192125
7320,0.43946521416192125
7325,0.43946521416192125
7330,0.43946521416192125
7335,0.43946521416192125
7340,0.43946521416192125
7345,0.43946521416192125
7350,0.43946521416192125
7355,0.43946521416192125
7360,0.43946521416192125
7365,0.43946521416192125
7370,0.43946521416192125
7375,0.43946521416192125
7380,0.43946521416192125
7385,0.43946521416192125
7390,0.43946521416192125
7395,0.43946521416192125
7400,0.43946521416192125
7405,0.43946521416192125
7410,0.43946521416192125
7415,0.43946521416192125
7420,0.43946521416192125
7425,0.43946521416192125
7430,0.43946521416192125
7435,0.43946521416192125
7440,0.43946521416192125
7445,0.43946521416192125
7450,0.43946521416192125
7455,0.43946521416192125
7460,0.43946521416192125
7465,0.43946521416192125
7470,0.43946521416192125
7475,0.43946521416192125
7480,0.43946521416192125
7485,0.43946521416192125
7490,0.43946521416192125
7495,0.43946521416192125
7500,0.43946521416192125
7505,0.43946521416192125
7510,0.43946521416192125
7515,0.43946521416192125
7520,0.43946521416192125
7525,0.43946521416192125
7530,0.43946521416192125
7535,0.43946521416192125
7540,0.43946521416192125
7545,0.43946521416192125
7550,0.43946521416192125
7555,0.43946521416192125
7560,0.43946521416192125
7565,0.43946521416192125
7570,0.43946521416192125
7575,0.43946521416192125
7580,0.43946521416192125
7585,0.43946521416192125
7590,0.43946521416192125
7595,0.43946521416192125
7600,0.43946521416192125
7605,0.43946521416192125
7610,0.43946521416192125
7615,0.43946521416192125
7620,0.43946521416192125
7625,0.43946521416192125
7630,0.43946521416192125
7635,0.43946521416192125
7640,0.43946521416192125
7645,0.43946521416192125
7650,0.43946521416192125
7655,0.43946521416192125
7660,0.43946521416192125
7665,0.43946521416192125
7670,0.43946521416192125
7675,0.43946521416192125
7680,0.43946521416192125
7685,0.43946521416192125
7690,0.43946521416192125
7695,0.43946521416192125
7700,0.43946521416192125
7705,0.43946521416192125
7710,0.43946521416192125
7715,0.43946521416192125
7720,0.43946521416192125
7725,0.43946521416192125
7730,0.43946521416192125
7735,0.43946521416192125
7740,0.43946521416192125
7745,0.43946521416192125
7750,0.43946521416192125
7755,0.43946521416192125
7760,0.43946521416192125
7765,0.43946521416192125
7770,0.43946521416192125
7775,0.43946521416192125
7780,0.43946521416192125
7785,0.43946521416192125
7790,0.43946521416192125
7795,0.43946521416192125
7800,0.43946521416192125
7805,0.43946521416192125
7810,0.43946521416192125
7815,0.43946521416192125
7820,0.43946521416192125
7825,0.43946521416192125
7830,0.43946521416192125
7835,0.43946521416192125
7840,0.43946521416192125
7845,0.43946521416192125
7850,0.43946521416192125
7855,0.43946521416192125
7860,0.43946521416192125
7865,0.43946521416192125
7870,0.43946521416192125
7875,0.43946521416192125
7880,0.43946521416192125
7885,0.43946521416192125
7890,0.43946521416192125
7895,0.43946521416192125
7900,0.43946521416192125
7905,0.43946521416192125
7910,0.43946521416192125
7915,0.43946521416192125
7920,0.43946521416192125
7925,0.43946521416192125
7930,0.43946521416192125
7935,0.43946521416192125
7940,0.43946521416192125
7945,0.43946521416192125
7950,0.43946521416192125
7955,0.43946521416192125
7960,0.43946521416192125
7965,0.43946521416192125
7970,0.43946521416192125
7975,0.43946521416192125
7980,0.43946521416192125
7985,0.43946521416192125
7990,0.43946521416192125
7995,0.43946521416192125
8000,0.43946521416192125
8005,0.43946521416192125
8010,0.43946521416192125
8015,0.43946521416192125
8020,0.43946521416192125
8025,0.43946521416192125
8030,0.43946521416192125
8035,0.43946521416192125
8040,0.43946521416192125
8045,0.43946521416192125
8050,0.43946521416192125
8055,0.43946521416192125
8060,0.43946521416192125
8065,0.43946521416192125
8070,0.43946521416192125
8075,0.43946521416192125
8080,0.43946521416192125
8085,0.43946521416192125
8090,0.43946521416192125
8095,0.43946521416192125
8100,0.43946521416192125
8105,0.43946521416192125
8110,0.43946521416192125
8115,0.43946521416192125
8120,0.43946521416192125
8125,0.43946521416192125
8130,0.43946521416192125
8135,0.43946521416192125
8140,0.43946521416192125
8145,0.43946521416192125
8150,0.43946521416192125
8155,0.43946521416192125
8160,0.43946521416192125
8165,0.43946521416192125
8170,0.43946521416192125
8175,0.43946521416192125
8180,0.43946521416192125
8185,0.43946521416192125
8190,0.43946521416192125
8195,0.43946521416192125
8200,0.43946521416192125
8205,0.43946521416192125
8210,0.43946521416192125
8215,0.43946521416192125
8220,0.43946521416192125
8225,0.43946521416192125
8230,0.43946521416192125
8235,0.43946521416192125
8240,0.43946521416192125
8245,0.43946521416192125
8250,0.43946521416192125
8255,0.43946521416192125
8260,0.43946521416192125
8265,0.43946521416192125
8270,0.43946521416192125
8275,0.43946521416192125
8280,0.43946521416192125
8285,0.43946521416192125
8290,0.43946521416192125
8295,0.43946521416192125
8300,0.43946521416192125
8305,0.43946521416192125
8310,0.43946521416192125
8315,0.43946521416192125
8320,0.43946521416192125
8325,0.43946521416192125
8330,0.43946521416192125
8335,0.43946521416192125
8340,0.43946521416192125
8345,0.43946521416192125
8350,0.43946521416192125
8355,0.43946521416192125
8360,0.43946521416192125
8365,0.43946521416192125
8370,0.43946521416192125
8375,0.43946521416192125
8380,0.43946521416192125
8385,0.43946521416192125
8390,0.43946521416192125
8395,0.43946521416192125
8400,0.43946521416192125
8405,0.43946521416192125
8410,0.43946521416192125
8415,0.43946521416192125
8420,0.43946521416192125
8425,0.43946521416192125
8430,0.43946521416192125
8435,0.43946521416192125
8440,0.43946521416192125
8445,0.43946521416192125
8450,0.43946521416192125
8455,0.43946521416192125
8460,0.43946521416192125
8465,0.43946521416192125
8470,0.43946521416192125
8475,0.43946521416192125
8480,0.43946521416192125
8485,0.43946521416192125
8490,0.43946521416192125
8495,0.43946521416192125
8500,0.43946521416192125
8505,0.43946521416192125
8510,0.43946521416192125
8515,0.43946521416192125
8520,0.43946521416192125
8525,0.43946521416192125
8530,0.43946521416192125
8535,0.43946521416192125
8540,0.43946521416192125
8545,0.43946521416192125
8550,0.43946521416192125
8555,0.43946521416192125
8560,0.43946521416192125
8565,0.43946521416192125
8570,0.43946521416192125
8575,0.43946521416192125
8580,0.43946521416192125
8585,0.43946521416192125
8590,0.43946521416192125
8595,0.43946521416192125
8600,0.43946521416192125
8605,0.43946521416192125
8610,0.43946521416192125
8615,0.43946521416192125
8620,0.43946521416192125
8625,0.43946521416192125
8630,0.43946521416192125
8635,0.43946521416192125
8640,0.43946521416192125
8645,0.43946521416192125
8650,0.43946521416192125
8655,0.43946521416192125
8660,0.43946521416192125
8665,0.43946521416192125
8670,0.43946521416192125
8675,0.43946521416192125
8680,0.43946521416192125
8685,0.43946521416192125
8690,0.43946521416192125
8695,0.43946521416192125
8700,0.43946521416192125
8705,0.43946521416192125
8710,0.43946521416192125
8715,0.43946521416192125
8720,0.43946521416192125
8725,0.43946521416192125
8730,0.43946521416192125
8735,0.43946521416192125
8740,0.43946521416192125
8745,0.43946521416192125
8750,0.43946521416192125
8755,0.43946521416192125
8760,0.43946521416192125
8765,0.43946521416192125
8770,0.43946521416192125
8775,0.43946521416192125
8780,0.43946521416192125
8785,0.43946521416192125
8790,0.43946521416192125
8795,0.43946521416192125
8800,0.43946521416192125
8805,0.43946521416192125
8810,0.43946521416192125
8815,0.43946521416192125
8820,0.43946521416192125
8825,0.43946521416192125
8830,0.43946521416192125
8835,0.43946521416192125
8840,0.43946521416192125
8845,0.43946521416192125
8850,0.43946521416192125
8855,0.43946521416192125
8860,0.43946521416192125
8865,0.43946521416192125
8870,0.43946521416192125
8875,0.43946521416192125
8880,0.43946521416192125
8885,0.43946521416192125
8890,0.43946521416192125
8895,0.43946521416192125
8900,0.43946521416192125
8905,0.43946521416192125
8910,0.43946521416192125
8915,0.43946521416192125
8920,0.43946521416192125
8925,0.43946521416192125
8930,0.43946521416192125
8935,0.43946521416192125
8940,0.43946521416192125
8945,0.43946521416192125
8950,0.43946521416192125
8955,0.43946521416192125
8960,0.43946521416192125
8965,0.43946521416192125
8970,0.43946521416192125
8975,0.43946521416192125
8980,0.43946521416192125
8985,0.43946521416192125
8990,0.43946521416192125
8995,0.43946521416192125
9000,0.43946521416192125
9005,0.43946521416192125
9010,0.43946521416192125
9015,0.43946521416192125
9020,0.43946521416192125
9025,0.43946521416192125
9030,0.43946521416192125
9035,0.43946521416192125
9040,0.43946521416192125
9045,0.43946521416192125
9050,0.43946521416192125
9055,0.43946521416192125
9060,0.43946521416192125
9065,0.43946521416192125
9070,0.43946521416192125
9075,0.43946521416192125
9080,0.43946521416192125
9085,0.43946521416192125
9090,0.43946521416192125
9095,0.43946521416192125
9100,0.43946521416192125
9105,0.43946521416192125
9110,0.43946521416192125
9115,0.43946521416192125
9120,0.43946521416192125
9125,0.43946521416192125
9130,0.43946521416192125
9135,0.43946521416192125
9140,0.43946521416192125
9145,0.43946521416192125
9150,0.43946521416192125
9155,0.43946521416192125
9160,0.43946521416192125
9165,0.43946521416192125
9170,0.43946521416192125
9175,0.43946521416192125
9180,0.43946521416192125
9185,0.43946521416192125
9190,0.43946521416192125
9195,0.43946521416192125
9200,0.43946521416192125
9205,0.43946521416192125
9210,0.43946521416192125
9215,0.43946521416192125
9220,0.43946521416192125
9225,0.43946521416192125
9230,0.43946521416192125
9235,0.43946521416192125
9240,0.43946521416192125
9245,0.43946521416192125
9250,0.43946521416192125
9255,0.43946521416192125
9260,0.43946521416192125
9265,0.43946521416192125
9270,0.43946521416192125
9275,0.43946521416192125
9280,0.43946521416192125
9285,0.43946521416192125
9290,0.43946521416192125
9295,0.43946521416192125
9300,0.43946521416192125
9305,0.43946521416192125
9310,0.43946521416192125
9315,0.43946521416192125
9320,0.43946521416192125
9325,0.43946521416192125
9330,0.43946521416192125
9335,0.43946521416192125
9340,0.43946521416192125
9345,0.43946521416192125
9350,0.43946521416192125
9355,0.43946521416192125
9360,0.43946521416192125
9365,0.43946521416192125
9370,0.43946521416192125
9375,0.43946521416192125
9380,0.43946521416192125
9385,0.43946521416192125
9390,0.43946521416192125
9395,0.43946521416192125
9400,0.43946521416192125
9405,0.43946521416192125
9410,0.43946521416192125
9415,0.43946521416192125
9420,0.43946521416192125
9425,0.43946521416192125
9430,0.43946521416192125
9435,0.43946521416192125
9440,0.43946521416192125
9445,0.43946521416192125
9450,0.43946521416192125
9455,0.43946521416192125
9460,0.43946521416192125
9465,0.43946521416192125
9470,0.43946521416192125
9475,0.43946521416192125
9480,0.43946521416192125
9485,0.43946521416192125
9490,0.43946521416192125
9495,0.43946521416192125
9500,0.43946521416192125
9505,0.43946521416192125
9510,0.43946521416192125
9515,0.43946521416192125
9520,0.43946521416192125
9525,0.43946521416192125
9530,0.43946521416192125
9535,0.43946521416192125
9540,0.43946521416192125
9545,0.43946521416192125
9550,0.43946521416192125
9555,0.43946521416192125
9560,0.43946521416192125
9565,0.43946521416192125
9570,0.43946521416192125
9575,0.43946521416192125
9580,0.43946521416192125
9585,0.43946521416192125
9590,0.43946521416192125
9595,0.43946521416192125
9600,0.43946521416192125
9605,0.43946521416192125
9610,0.43946521416192125
9615,0.43946521416192125
9620,0.43946521416192125
9625,0.43946521416192125
9630,0.43946521416192125
9635,0.43946521416192125
9640,0.43946521416192125
9645,0.43946521416192125
9650,0.43946521416192125
9655,0.43946521416192125
9660,0.43946521416192125
9665,0.43946521416192125
9670,0.43946521416192125
9675,0.43946521416192125
9680,0.43946521416192125
9685,0.43946521416192125
9690,0.43946521416192125
9695,0.43946521416192125
9700,0.43946521416192125
9705,0.43946521416192125
9710,0.43946521416192125
9715,0.43946521416192125
9720,0.43946521416192125
9725,0.43946521416192125
9730,0.43946521416192125
9735,0.43946521416192125
9740,0.43946521416192125
9745,0.43946521416192125
9750,0.43946521416192125
9755,0.43946521416192125
9760,0.43946521416192125
9765,0.43946521416192125
9770,0.43946521416192125
9775,0.43946521416192125
9780,0.43946521416192125
9785,0.43946521416192125
9790,0.43946521416192125
9795,0.43946521416192125
9800,0.43946521416192125
9805,0.43946521416192125
9810,0.43946521416192125
9815,0.43946521416192125
9820,0.43946521416192125
9825,0.43946521416192125
9830,0.43946521416192125
9835,0.43946521416192125
9840,0.43946521416192125
9845,0.43946521416192125
9850,0.43946521416192125
9855,0.43946521416192125
9860,0.43946521416192125
9865,0.43946521416192125
9870,0.43946521416192125
9875,0.43946521416192125
9880,0.43946521416192125
9885,0.43946521416192125
9890,0.43946521416192125
9895,0.43946521416192125
9900,0.43946521416192125
9905,0.43946521416192125
9910,0.43946521416192125
9915,0.43946521416192125
9920,0.43946521416192125
9925,0.43946521416192125
9930,0.43946521416192125
9935,0.43946521416192125
9940,0.43946521416192125
9945,0.43946521416192125
9950,0.43946521416192125
9955,0.43946521416192125
9960,0.43946521416192125
9965,0.43946521416192125
9970,0.43946521416192125
9975,0.43946521416192125
9980,0.43946521416192125
9985,0.43946521416192125
9990,0.43946521416192125
9995,0.43946521416192125
10000,0.43946521416192125
10005,0.43946521416192125
10010,0.43946521416192125
10015,0.43946521416192125
10020,0.43946521416192125
10025,0.43946521416192125
10030,0.43946521416192125
10035,0.43946521416192125
10040,0.43946521416192125
10045,0.43946521416192125
10050,0.43946521416192125
10055,0.43946521416192125
10060,0.43946521416192125
10065,0.43946521416192125
10070,0.43946521416192125
10075,0.43946521416192125
10080,0.43946521416192125
10085,0.43946521416192125
10090,0.43946521416192125
10095,0.43946521416192125
10100,0.43946521416192125
10105,0.43946521416192125
10110,0.43946521416192125
10115,0.43946521416192125
10120,0.43946521416192125
10125,0.43946521416192125
10130,0.43946521416192125
10135,0.43946521416192125
10140,0.43946521416192125
10145,0.43946521416192125
10150,0.43946521416192125
10155,0.43946521416192125
10160,0.43946521416192125
10165,0.43946521416192125
10170,0.43946521416192125
10175,0.43946521416192125
10180,0.43946521416192125
10185,0.43946521416192125
10190,0.43946521416192125
10195,0.43946521416192125
10200,0.43946521416192125
10205,0.43946521416192125
10210,0.43946521416192125
10215,0.43946521416192125
10220,0.43946521416192125
10225,0.43946521416192125
10230,0.43946521416192125
10235,0.43946521416192125
10240,0.43946521416192125
10245,0.43946521416192125
10250,0.43946521416192125
10255,0.43946521416192125
10260,0.43946521416192125
10265,0.43946521416192125
10270,0.43946521416192125
10275,0.43946521416192125
10280,0.43946521416192125
10285,0.43946521416192125
10290,0.43946521416192125
10295,0.43946521416192125
10300,0.43946521416192125
10305,0.43946521416192125
10310,0.43946521416192125
10315,0.43946521416192125
10320,0.43946521416192125
10325,0.43946521416192125
10330,0.43946521416192125
10335,0.43946521416192125
10340,0.43946521416192125
10345,0.43946521416192125
10350,0.43946521416192125
10355,0.43946521416192125
10360,0.43946521416192125
10365,0.43946521416192125
10370,0.43946521416192125
10375,0.43946521416192125
10380,0.43946521416192125
10385,0.43946521416192125
10390,0.43946521416192125
10395,0.43946521416192125
10400,0.43946521416192125
10405,0.43946521416192125
10410,0.43946521416192125
10415,0.43946521416192125
10420,0.43946521416192125
10425,0.43946521416192125
10430,0.43946521416192125
10435,0.43946521416192125
10440,0.43946521416192125
10445,0.43946521416192125
10450,0.43946521416192125
10455,0.43946521416192125
10460,0.43946521416192125
10465,0.43946521416192125
10470,0.43946521416192125
10475,0.43946521416192125
10480,0.43946521416192125
10485,0.43946521416192125
10490,0.43946521416192125
10495,0.43946521416192125
10500,0.43946521416192125
10505,0.43946521416192125
10510,0.43946521416192125
10515,0.43946521416192125
10520,0.43946521416192125
10525,0.43946521416192125
10530,0.43946521416192125
10535,0.43946521416192125
10540,0.43946521416192125
10545,0.43946521416192125
10550,0.43946521416192125
10555,0.43946521416192125
10560,0.43946521416192125
10565,0.43946521416192125
10570,0.43946521416192125
10575,0.43946521416192125
10580,0.43946521416192125
10585,0.43946521416192125
10590,0.43946521416192125
10595,0.43946521416192125
10600,0.43946521416192125
10605,0.43946521416192125
10610,0.43946521416192125
10615,0.43946521416192125
10620,0.43946521416192125
10625,0.43946521416192125
10630,0.43946521416192125
10635,0.43946521416192125
10640,0.43946521416192125
10645,0.43946521416192125
10650,0.43946521416192125
10655,0.43946521416192125
10660,0.43946521416192125
10665,0.43946521416192125
10670,0.43946521416192125
10675,0.43946521416192125
10680,0.43946521416192125
10685,0.43946521416192125
10690,0.43946521416192125
10695,0.43946521416192125
10700,0.43946521416192125
10705,0.43946521416192125
10710,0.43946521416192125
10715,0.43946521416192125
10720,0.43946521416192125
10725,0.43946521416192125
10730,0.43946521416192125
10735,0.43946521416192125
10740,0.43946521416192125
10745,0.43946521416192125
10750,0.43946521416192125
10755,0.43946521416192125
10760,0.43946521416192125
10765,0.43946521416192125
10770,0.43946521416192125
10775,0.43946521416192125
10780,0.43946521416192125
10785,0.43946521416192125
10790,0.43946521416192125
10795,0.43946521416192125
10800,0.43946521416192125
10805,0.43946521416192125
10810,0.43946521416192125
10815,0.43946521416192125
10820,0.43946521416192125
10825,0.43946521416192125
10830,0.43946521416192125
10835,0.43946521416192125
10840,0.43946521416192125
10845,0.43946521416192125
10850,0.43946521416192125
10855,0.43946521416192125
10860,0.43946521416192125
10865,0.43946521416192125
10870,0.43946521416192125
10875,0.43946521416192125
10880,0.43946521416192125
10885,0.43946521416192125
10890,0.43946521416192125
10895,0.43946521416192125
10900,0.43946521416192125
10905,0.43946521416192125
10910,0.43946521416192125
10915,0.43946521416192125
10920,0.43946521416192125
10925,0.43946521416192125
10930,0.43946521416192125
10935,0.43946521416192125
10940,0.43946521416192125
10945,0.43946521416192125
10950,0.43946521416192125
10955,0.43946521416192125
10960,0.43946521416192125
10965,0.43946521416192125
10970,0.43946521416192125
10975,0.43946521416192125
10980,0.43946521416192125
10985,0.43946521416192125
10990,0.43946521416192125
10995,0.43946521416192125
11000,0.43946521416192125
11005,0.43946521416192125
11010,0.43946521416192125
11015,0.43946521416192125
11020,0.43946521416192125
11025,0.43946521416192125
11030,0.43946521416192125
11035,0.43946521416192125
11040,0.43946521416192125
11045,0.43946521416192125
11050,0.43946521416192125
11055,0.43946521416192125
11060,0.43946521416192125
11065,0.43946521416192125
11070,0.43946521416192125
11075,0.43946521416192125
11080,0.43946521416192125
11085,0.43946521416192125
11090,0.43946521416192125
11095,0.43946521416192125
11100,0.43946521416192125
11105,0.43946521416192125
11110,0.43946521416192125
11115,0.43946521416192125
11120,0.43946521416192125
11125,0.43946521416192125
11130,0.43946521416192125
11135,0.43946521416192125
11140,0.43946521416192125
11145,0.43946521416192125
11150,0.43946521416192125
11155,0.43946521416192125
11160,0.43946521416192125
11165,0.43946521416192125
11170,0.43946521416192125
11175,0.43946521416192125
11180,0.43946521416192125
11185,0.43946521416192125
11190,0.43946521416192125
11195,0.43946521416192125
11200,0.43946521416192125
11205,0.43946521416192125
11210,0.43946521416192125
11215,0.43946521416192125
11220,0.43946521416192125
11225,0.43946521416192125
11230,0.43946521416192125
11235,0.43946521416192125
11240,0.43946521416192125
11245,0.43946521416192125
11250,0.43946521416192125
11255,0.43946521416192125
11260,0.43946521416192125
11265,0.43946521416192125
11270,0.43946521416192125
11275,0.43946521416192125
11280,0.43946521416192125
11285,0.43946521416192125
11290,0.43946521416192125
11295,0.43946521416192125
11300,0.43946521416192125
11305,0.43946521416192125
11310,0.43946521416192125
11315,0.43946521416192125
11320,0.43946521416192125
11325,0.43946521416192125
11330,0.43946521416192125
11335,0.43946521416192125
11340,0.43946521416192125
11345,0.43946521416192125
11350,0.43946521416192125
11355,0.43946521416192125
11360,0.43946521416192125
11365,0.43946521416192125
11370,0.43946521416192125
11375,0.43946521416192125
11380,0.43946521416192125
11385,0.43946521416192125
11390,0.43946521416192125
11395,0.43946521416192125
11400,0.43946521416192125
11405,0.43946521416192125
11410,0.43946521416192125
11415,0.43946521416192125
11420,0.43946521416192125
11425,0.43946521416192125
11430,0.43946521416192125
11435,0.43946521416192125
11440,0.43946521416192125
11445,0.43946521416192125
11450,0.43946521416192125
11455,0.43946521416192125
11460,0.43946521416192125
11465,0.43946521416192125
11470,0.43946521416192125
11475,0.43946521416192125
11480,0.43946521416192125
11485,0.43946521416192125
11490,0.43946521416192125
11495,0.43946521416192125
11500,0.43946521416192125
11505,0.43946521416192125
11510,0.43946521416192125
11515,0.43946521416192125
11520,0.43946521416192125
11525,0.43946521416192125
11530,0.43946521416192125
11535,0.43946521416192125
11540,0.43946521416192125
11545,0.43946521416192125
11550,0.43946521416192125
11555,0.43946521416192125
11560,0.43946521416192125
11565,0.43946521416192125
11570,0.43946521416192125
11575,0.43946521416192125
11580,0.43946521416192125
11585,0.43946521416192125
11590,0.43946521416192125
11595,0.43946521416192125
11600,0.43946521416192125
11605,0.43946521416192125
11610,0.43946521416192125
11615,0.43946521416192125
11620,0.43946521416192125
11625,0.43946521416192125
11630,0.43946521416192125
11635,0.43946521416192125
11640,0.43946521416192125
11645,0.43946521416192125
11650,0.43946521416192125
11655,0.43946521416192125
11660,0.43946521416192125
11665,0.43946521416192125
11670,0.43946521416192125
11675,0.43946521416192125
11680,0.43946521416192125
11685,0.43946521416192125
11690,0.43946521416192125
11695,0.43946521416192125
11700,0.43946521416192125
11705,0.43946521416192125
11710,0.43946521416192125
11715,0.43946521416192125
11720,0.43946521416192125
11725,0.43946521416192125
11730,0.43946521416192125
11735,0.43946521416192125
11740,0.43946521416192125
11745,0.43946521416192125
11750,0.43946521416192125
11755,0.43946521416192125
11760,0.43946521416192125
11765,0.43946521416192125
11770,0.43946521416192125
11775,0.43946521416192125
11780,0.43946521416192125
11785,0.43946521416192125
11790,0.43946521416192125
11795,0.43946521416192125
11800,0.43946521416192125
11805,0.43946521416192125
11810,0.43946521416192125
11815,0.43946521416192125
11820,0.43946521416192125
11825,0.43946521416192125
11830,0.43946521416192125
11835,0.43946521416192125
11840,0.43946521416192125
11845,0.43946521416192125
11850,0.43946521416192125
11855,0.43946521416192125
11860,0.43946521416192125
11865,0.43946521416192125
11870,0.43946521416192125
11875,0.43946521416192125
11880,0.43946521416192125
11885,0.43946521416192125
11890,0.43946521416192125
11895,0.43946521416192125
11900,0.43946521416192125
11905,0.43946521416192125
11910,0.43946521416192125
11915,0.43946521416192125
11920,0.43946521416192125
11925,0.43946521416192125
11930,0.43946521416192125
11935,0.43946521416192125
11940,0.43946521416192125
11945,0.43946521416192125
11950,0.43946521416192125
11955,0.43946521416192125
11960,0.43946521416192125
11965,0.43946521416192125
11970,0.43946521416192125
11975,0.43946521416192125
11980,0.43946521416192125
11985,0.43946521416192125
11990,0.43946521416192125
11995,0.43946521416192125
12000,0.43946521416192125
12005,0.43946521416192125
12010,0.43946521416192125
12015,0.43946521416192125
12020,0.43946521416192125
12025,0.43946521416192125
12030,0.43946521416192125
12035,0.43946521416192125
12040,0.43946521416192125
12045,0.43946521416192125
12050,0.43946521416192125
12055,0.43946521416192125
12060,0.43946521416192125
12065,0.43946521416192125
12070,0.43946521416192125
12075,0.43946521416192125
12080,0.43946521416192125
12085,0.43946521416192125
12090,0.43946521416192125
12095,0.43946521416192125
12100,0.43946521416192125
12105,0.43946521416192125
12110,0.43946521416192125
12115,0.43946521416192125
12120,0.43946521416192125
12125,0.43946521416192125
12130,0.43946521416192125
12135,0.43946521416192125
12140,0.43946521416192125
12145,0.43946521416192125
12150,0.43946521416192125
12155,0.43946521416192125
12160,0.43946521416192125
12165,0.43946521416192125
12170,0.43946521416192125
12175,0.43946521416192125
12180,0.43946521416192125
12185,0.43946521416192125
12190,0.43946521416192125
12195,0.43946521416192125
12200,0.43946521416192125
12205,0.43946521416192125
12210,0.43946521416192125
12215,0.43946521416192125
12220,0.43946521416192125
12225,0.43946521416192125
12230,0.43946521416192125
12235,0.43946521416192125
12240,0.43946521416192125
12245,0.43946521416192125
12250,0.43946521416192125
12255,0.43946521416192125
12260,0.43946521416192125
12265,0.43946521416192125
12270,0.43946521416192125
12275,0.43946521416192125
12280,0.43946521416192125
12285,0.43946521416192125
12290,0.43946521416192125
12295,0.43946521416192125
12300,0.43946521416192125
12305,0.43946521416192125
12310,0.43946521416192125
12315,0.43946521416192125
12320,0.43946521416192125
12325,0.43946521416192125
12330,0.43946521416192125
12335,0.43946521416192125
12340,0.43946521416192125
12345,0.43946521416192125
12350,0.43946521416192125
12355,0.43946521416192125
12360,0.43946521416192125
12365,0.43946521416192125
12370,0.43946521416192125
12375,0.43946521416192125
12380,0.43946521416192125
12385,0.43946521416192125
12390,0.43946521416192125
12395,0.43946521416192125
12400,0.43946521416192125
12405,0.43946521416192125
12410,0.43946521416192125
12415,0.43946521416192125
12420,0.43946521416192125
12425,0.43946521416192125
12430,0.43946521416192125
12435,0.43946521416192125
12440,0.43946521416192125
12445,0.43946521416192125
12450,0.43946521416192125
12455,0.43946521416192125
12460,0.43946521416192125
12465,0.43946521416192125
12470,0.43946521416192125
12475,0.43946521416192125
12480,0.43946521416192125
12485,0.43946521416192125
12490,0.43946521416192125
12495,0.43946521416192125
12500,0.43946521416192125
12505,0.43946521416192125
12510,0.43946521416192125
12515,0.43946521416192125
12520,0.43946521416192125
12525,0.43946521416192125
12530,0.43946521416192125
12535,0.43946521416192125
12540,0.43946521416192125
12545,0.43946521416192125
12550,0.43946521416192125
12555,0.43946521416192125
12560,0.43946521416192125
12565,0.43946521416192125
12570,0.43946521416192125
12575,0.43946521416192125
12580,0.43946521416192125
12585,0.43946521416192125
12590,0.43946521416192125
12595,0.43946521416192125
12600,0.43946521416192125
12605,0.43946521416192125
12610,0.43946521416192125
12615,0.43946521416192125
12620,0.43946521416192125
12625,0.43946521416192125
12630,0.43946521416192125
12635,0.43946521416192125
12640,0.43946521416192125
12645,0.43946521416192125
12650,0.43946521416192125
12655,0.43946521416192125
12660,0.43946521416192125
12665,0.43946521416192125
12670,0.43946521416192125
12675,0.43946521416192125
12680,0.43946521416192125
12685,0.43946521416192125
12690,0.43946521416192125
12695,0.43946521416192125
12700,0.43946521416192125
12705,0.43946521416192125
12710,0.43946521416192125
12715,0.43946521416192125
12720,0.43946521416192125
12725,0.43946521416192125
12730,0.43946521416192125
12735,0.43946521416192125
12740,0.43946521416192125
12745,0.43946521416192125
12750,0.43946521416192125
12755,0.43946521416192125
12760,0.43946521416192125
12765,0.43946521416192125
12770,0.43946521416192125
12775,0.43946521416192125
12780,0.43946521416192125
12785,0.43946521416192125
12790,0.43946521416192125
12795,0.43946521416192125
12800,0.43946521416192125
12805,0.43946521416192125
12810,0.43946521416192125
12815,0.43946521416192125
12820,0.43946521416192125
12825,0.43946521416192125
12830,0.43946521416192125
12835,0.43946521416192125
12840,0.43946521416192125
12845,0.43946521416192125
12850,0.43946521416192125
12855,0.43946521416192125
12860,0.43946521416192125
12865,0.43946521416192125
12870,0.43946521416192125
12875,0.43946521416192125
12880,0.43946521416192125
12885,0.43946521416192125
12890,0.43946521416192125
12895,0.43946521416192125
12900,0.43946521416192125
12905,0.43946521416192125
12910,0.43946521416192125
12915,0.43946521416192125
12920,0.43946521416192125
12925,0.43946521416192125
12930,0.43946521416192125
12935,0.43946521416192125
12940,0.43946521416192125
12945,0.43946521416192125
12950,0.43946521416192125
12955,0.43946521416192125
12960,0.43946521416192125
12965,0.43946521416192125
12970,0.43946521416192125
12975,0.43946521416192125
12980,0.43946521416192125
12985,0.43946521416192125
12990,0.43946521416192125
12995,0.43946521416192125
13000,0.43946521416192125
13005,0.43946521416192125
13010,0.43946521416192125
13015,0.43946521416192125
13020,0.43946521416192125
13025,0.43946521416192125
13030,0.43946521416192125
13035,0.43946521416192125
13040,0.43946521416192125
13045,0.43946521416192125
13050,0.43946521416192125
13055,0.43946521416192125
13060,0.43946521416192125
13065,0.43946521416192125
13070,0.43946521416192125
13075,0.43946521416192125
13080,0.43946521416192125
13085,0.43946521416192125
13090,0.43946521416192125
13095,0.43946521416192125
13100,0.43946521416192125
13105,0.43946521416192125
13110,0.43946521416192125
13115,0.43946521416192125
13120,0.43946521416192125
13125,0.43946521416192125
13130,0.43946521416192125
13135,0.43946521416192125
13140,0.43946521416192125
13145,0.43946521416192125
13150,0.43946521416192125
13155,0.43946521416192125
13160,0.43946521416192125
13165,0.43946521416192125
13170,0.43946521416192125
13175,0.43946521416192125
13180,0.43946521416192125
13185,0.43946521416192125
13190,0.43946521416192125
13195,0.43946521416192125
13200,0.43946521416192125
13205,0.43946521416192125
13210,0.43946521416192125
13215,0.43946521416192125
13220,0.43946521416192125
13225,0.43946521416192125
13230,0.43946521416192125
13235,0.43946521416192125
13240,0.43946521416192125
13245,0.43946521416192125
13250,0.43946521416192125
13255,0.43946521416192125
13260,0.43946521416192125
13265,0.43946521416192125
13270,0.43946521416192125
13275,0.43946521416192125
13280,0.43946521416192125
13285,0.43946521416192125
13290,0.43946521416192125
13295,0.43946521416192125
13300,0.43946521416192125
13305,0.43946521416192125
13310,0.43946521416192125
13315,0.43946521416192125
13320,0.43946521416192125
13325,0.43946521416192125
13330,0.43946521416192125
13335,0.43946521416192125
13340,0.43946521416192125
13345,0.43946521416192125
13350,0.43946521416192125
13355,0.43946521416192125
13360,0.43946521416192125
13365,0.43946521416192125
13370,0.43946521416192125
13375,0.43946521416192125
13380,0.43946521416192125
13385,0.43946521416192125
13390,0.43946521416192125
13395,0.43946521416192125
13400,0.43946521416192125
13405,0.43946521416192125
13410,0.43946521416192125
13415,0.43946521416192125
13420,0.43946521416192125
13425,0.43946521416192125
13430,0.43946521416192125
13435,0.43946521416192125
13440,0.43946521416192125
13445,0.43946521416192125
13450,0.43946521416192125
13455,0.43946521416192125
13460,0.43946521416192125
13465,0.43946521416192125
13470,0.43946521416192125
13475,0.43946521416192125
13480,0.43946521416192125
13485,0.43946521416192125
13490,0.43946521416192125
13495,0.43946521416192125
13500,0.43946521416192125
13505,0.43946521416192125
13510,0.43946521416192125
13515,0.43946521416192125
13520,0.43946521416192125
13525,0.43946521416192125
13530,0.43946521416192125
13535,0.43946521416192125
13540,0.43946521416192125
13545,0.43946521416192125
13550,0.43946521416192125
13555,0.43946521416192125
13560,0.43946521416192125
13565,0.43946521416192125
13570,0.43946521416192125
13575,0.43946521416192125
13580,0.43946521416192125
13585,0.43946521416192125
13590,0.43946521416192125
13595,0.43946521416192125
13600,0.43946521416192125
13605,0.43946521416192125
13610,0.43946521416192125
13615,0.43946521416192125
13620,0.43946521416192125
13625,0.43946521416192125
13630,0.43946521416192125
13635,0.43946521416192125
13640,0.43946521416192125
13645,0.43946521416192125
13650,0.43946521416192125
13655,0.43946521416192125
13660,0.43946521416192125
13665,0.43946521416192125
13670,0.43946521416192125
13675,0.43946521416192125
13680,0.43946521416192125
13685,0.43946521416192125
13690,0.43946521416192125
13695,0.43946521416192125
13700,0.43946521416192125
13705,0.43946521416192125
13710,0.43946521416192125
13715,0.43946521416192125
13720,0.43946521416192125
13725,0.43946521416192125
13730,0.43946521416192125
13735,0.43946521416192125
13740,0.43946521416192125
13745,0.43946521416192125
13750,0.43946521416192125
13755,0.43946521416192125
13760,0.43946521416192125
13765,0.43946521416192125
13770,0.43946521416192125
13775,0.43946521416192125
13780,0.43946521416192125
13785,0.43946521416192125
13790,0.43946521416192125
13795,0.43946521416192125
13800,0.43946521416192125
13805,0.43946521416192125
13810,0.43946521416192125
13815,0.43946521416192125
13820,0.43946521416192125
13825,0.43946521416192125
13830,0.43946521416192125
13835,0.43946521416192125
13840,0.43946521416192125
13845,0.43946521416192125
13850,0.43946521416192125
13855,0.43946521416192125
13860,0.43946521416192125
13865,0.43946521416192125
13870,0.43946521416192125
13875,0.43946521416192125
13880,0.43946521416192125
13885,0.43946521416192125
13890,0.43946521416192125
13895,0.43946521416192125
13900,0.43946521416192125
13905,0.43946521416192125
13910,0.43946521416192125
13915,0.43946521416192125
13920,0.43946521416192125
13925,0.43946521416192125
13930,0.43946521416192125
13935,0.43946521416192125
13940,0.43946521416192125
13945,0.43946521416192125
13950,0.43946521416192125
13955,0.43946521416192125
13960,0.43946521416192125
13965,0.43946521416192125
13970,0.43946521416192125
13975,0.43946521416192125
13980,0.43946521416192125
13985,0.43946521416192125
13990,0.43946521416192125
13995,0.43946521416192125
14000,0.43946521416192125
14005,0.43946521416192125
14010,0.43946521416192125
14015,0.43946521416192125
14020,0.43946521416192125
14025,0.43946521416192125
14030,0.43946521416192125
14035,0.43946521416192125
14040,0.43946521416192125
14045,0.43946521416192125
14050,0.43946521416192125
14055,0.43946521416192125
14060,0.43946521416192125
14065,0.43946521416192125
14070,0.43946521416192125
14075,0.43946521416192125
14080,0.43946521416192125