step_size,residual_node_ratio
1,1.0
2,0.9974
3,0.994
4,0.9888
5,0.9854
6,0.9833
7,0.9803
8,0.9776
9,0.9754
10,0.9734
11,0.9715
12,0.9699
13,0.9682
14,0.9664
15,0.9654
16,0.9639
17,0.9628
18,0.9617
19,0.9612
20,0.9605
21,0.9598
22,0.959
23,0.9583
24,0.9578
25,0.9571
26,0.9564
27,0.9558
28,0.955
29,0.9546
30,0.954
31,0.9532
32,0.953
33,0.9525
34,0.9524
35,0.9521
36,0.9517
37,0.9513
38,0.9512
39,0.9508
40,0.9505
41,0.9503
42,0.95
43,0.9495
44,0.9493
45,0.9491
46,0.949
47,0.9489
48,0.9488
49,0.9488
50,0.9488
51,0.9487
52,0.9487
53,0.9486
54,0.9486
55,0.9486
56,0.9483
57,0.9483
58,0.9483
59,0.9483
60,0.9483
61,0.948
62,0.948
63,0.948
64,0.9479
65,0.9478
66,0.9478
67,0.9477
68,0.9477
69,0.9477
70,0.9477
71,0.9477
72,0.9477
73,0.9477
74,0.9477
75,0.9477
76,0.9477
77,0.9477
78,0.9477
79,0.9477
80,0.9477
81,0.9477
82,0.9477
83,0.9477
84,0.9477
85,0.9477
86,0.9477
87,0.9477
88,0.9477
89,0.9477
90,0.9477
91,0.9477
92,0.9477
93,0.9477
94,0.9477
95,0.9477
96,0.9477
97,0.9477
98,0.9477
99,0.9477
100,0.9477
101,0.9477
102,0.9477
103,0.9477
104,0.9477
105,0.9477
106,0.9477
107,0.9477
108,0.9477
109,0.9477
110,0.9477
111,0.9477
112,0.9477
113,0.9477
114,0.9477
115,0.9477
116,0.9477
117,0.9477
118,0.9477
119,0.9477
120,0.9477
121,0.9477
122,0.9477
123,0.9477
124,0.9477
125,0.9477
126,0.9477
127,0.9477
128,0.9477
129,0.9477
130,0.9477
131,0.9477
132,0.9477
133,0.9477
134,0.9477
135,0.9477
136,0.9477
137,0.9477
138,0.9477
139,0.9477
140,0.9477
141,0.9477
142,0.9477
143,0.9477
144,0.9477
145,0.9477
146,0.9477
147,0.9477
148,0.9477
149,0.9477
150,0.9477
151,0.9477
152,0.9477
153,0.9477
154,0.9477
155,0.9477
156,0.9477
157,0.9477
158,0.9477
159,0.9477
160,0.9477
161,0.9477
162,0.9477
163,0.9477
164,0.9477
165,0.9477
166,0.9477
167,0.9477
168,0.9477
169,0.9477
170,0.9477
171,0.9477
172,0.9477
173,0.9477
174,0.9477
175,0.9477
176,0.9477
177,0.9477
178,0.9477
179,0.9477
180,0.9477
181,0.9477
182,0.9477
183,0.9477
184,0.9477
185,0.9477
186,0.9477
187,0.9477
188,0.9477
189,0.9477
190,0.9477
191,0.9477
192,0.9477
193,0.9477
194,0.9477
195,0.9477
196,0.9477
197,0.9477
198,0.9477
199,0.9477
200,0.9477
201,0.9477
202,0.9477
203,0.9477
204,0.9477
205,0.9477
206,0.9477
207,0.9477
208,0.9477
209,0.9477
210,0.9477
211,0.9477
212,0.9477
213,0.9477
214,0.9477
215,0.9477
216,0.9477
217,0.9477
218,0.9477
219,0.9477
220,0.9477
221,0.9477
222,0.9477
223,0.9477
224,0.9477
225,0.9477
226,0.9477
227,0.9477
228,0.9477
229,0.9477
230,0.9477
231,0.9477
232,0.9477
233,0.9477
234,0.9477
235,0.9477
236,0.9477
237,0.9477
238,0.9477
239,0.9477
240,0.9477
241,0.9477
242,0.9477
243,0.9477
244,0.9477
245,0.9477
246,0.9477
247,0.9477
248,0.9477
249,0.9477
250,0.9477
251,0.9477
252,0.9477
253,0.9477
254,0.9477
255,0.9477
256,0.9477
257,0.9477
258,0.9477
259,0.9477
260,0.9477
261,0.9477
262,0.9477
263,0.9477
264,0.9477
265,0.9477
266,0.9477
267,0.9477
268,0.9477
269,0.9477
270,0.9477
271,0.9477
272,0.9477
273,0.9477
274,0.9477
275,0.9477
276,0.9477
277,0.9477
278,0.9477
279,0.9477
280,0.9477
281,0.9477
282,0.9477
283,0.9477
284,0.9477
285,0.9477
286,0.9477
287,0.9477
288,0.9477
289,0.9477
290,0.9477
291,0.9477
292,0.9477
293,0.9477
294,0.9477
295,0.9477
296,0.9477
297,0.9477
298,0.9477
299,0.9477
300,0.9477
301,0.9477
302,0.9477
303,0.9477
304,0.9477
305,0.9477
306,0.9477
307,0.9477
308,0.9477
309,0.9477
310,0.9477
311,0.9477
312,0.9477
313,0.9477
314,0.9477
315,0.9477
316,0.9477
317,0.9477
318,0.9477
319,0.9477
320,0.9477
321,0.9477
322,0.9477
323,0.9477
324,0.9477
325,0.9477
326,0.9477
327,0.9477
328,0.9477
329,0.9477
330,0.9477
331,0.9477
332,0.9477
333,0.9477
334,0.9477
335,0.9477
336,0.9477
337,0.9477
338,0.9477
339,0.9477
340,0.9477
341,0.9477
342,0.9477
343,0.9477
344,0.9477
345,0.9477
346,0.9477
347,0.9477
348,0.9477
349,0.9477
350,0.9477
351,0.9477
352,0.9477
353,0.9477
354,0.9477
355,0.9477
356,0.9477
357,0.9477
358,0.9477
359,0.9477
360,0.9477
361,0.9477
362,0.9477
363,0.9477
364,0.9477
365,0.9477
366,0.9477
367,0.9477
368,0.9477
369,0.9477
370,0.9477
371,0.9477
372,0.9477
373,0.9477
374,0.9477
375,0.9477
376,0.9477
377,0.9477
378,0.9477
379,0.9477
380,0.9477
381,0.9477
382,0.9477
383,0.9477
384,0.9477
385,0.9477
386,0.9477
387,0.9477
388,0.9477
389,0.9477
390,0.9477
391,0.9477
392,0.9477
393,0.9477
394,0.9477
395,0.9477
396,0.9477
397,0.9477
398,0.9477
399,0.9477
400,0.9477
401,0.9477
402,0.9477
403,0.9477
404,0.9477
405,0.9477
406,0.9477
407,0.9477
408,0.9477
409,0.9477
410,0.9477
411,0.9477
412,0.9477
413,0.9477
414,0.9477
415,0.9477
416,0.9477
417,0.9477
418,0.9477
419,0.9477
420,0.9477
421,0.9477
422,0.9477
423,0.9477
424,0.9477
425,0.9477
426,0.9477
427,0.9477
428,0.9477
429,0.9477
430,0.9477
431,0.9477
432,0.9477
433,0.9477
434,0.9477
435,0.9477
436,0.9477
437,0.9477
438,0.9477
439,0.9477
440,0.9477
441,0.9477
442,0.9477
443,0.9477
444,0.9477
445,0.9477
446,0.9477
447,0.9477
448,0.9477
449,0.9477
450,0.9477
451,0.9477
452,0.9477
453,0.9477
454,0.9477
455,0.9477
456,0.9477
457,0.9477
458,0.9477
459,0.9477
460,0.9477
461,0.9477
462,0.9477
463,0.9477
464,0.9477
465,0.9477
466,0.9477
467,0.9477
468,0.9477
469,0.9477
470,0.9477
471,0.9477
472,0.9477
473,0.9477
474,0.9477
475,0.9477
476,0.9477
477,0.9477
478,0.9477
479,0.9477
480,0.9477
481,0.9477
482,0.9477
483,0.9477
484,0.9477
485,0.9477
486,0.9477
487,0.9477
488,0.9477
489,0.9477
490,0.9477
491,0.9477
492,0.9477
493,0.9477
494,0.9477
495,0.9477
496,0.9477
497,0.9477
498,0.9477
499,0.9477
500,0.9477
501,0.9477
502,0.9477
503,0.9477
504,0.9477
505,0.9477
506,0.9477
507,0.9477
508,0.9477
509,0.9477
510,0.9477
511,0.9477
512,0.9477
513,0.9477
514,0.9477
515,0.9477
516,0.9477
517,0.9477
518,0.9477
519,0.9477
520,0.9477
521,0.9477
522,0.9477
523,0.9477
524,0.9477
525,0.9477
526,0.9477
527,0.9477
528,0.9477
529,0.9477
530,0.9477
531,0.9477
532,0.9477
533,0.9477
534,0.9477
535,0.9477
536,0.9477
537,0.9477
538,0.9477
539,0.9477
540,0.9477
541,0.9477
542,0.9477
543,0.9477
544,0.9477
545,0.9477
546,0.9477
547,0.9477
548,0.9477
549,0.9477
550,0.9477
551,0.9477
552,0.9477
553,0.9477
554,0.9477
555,0.9477
556,0.9477
557,0.9477
558,0.9477
559,0.9477
560,0.9477
561,0.9477
562,0.9477
563,0.9477
564,0.9477
565,0.9477
566,0.9477
567,0.9477
568,0.9477
569,0.9477
570,0.9477
571,0.9477
572,0.9477
573,0.9477
574,0.9477
575,0.9477
576,0.9477
577,0.9477
578,0.9477
579,0.9477
580,0.9477
581,0.9477
582,0.9477
583,0.9477
584,0.9477
585,0.9477
586,0.9477
587,0.9477
588,0.9477
589,0.9477
590,0.9477
591,0.9477
592,0.9477
593,0.9477
594,0.9477
595,0.9477
596,0.9477
597,0.9477
598,0.9477
599,0.9477
600,0.9477
601,0.9477
602,0.9477
603,0.9477
604,0.9477
605,0.9477
606,0.9477
607,0.9477
608,0.9477
609,0.9477
610,0.9477
611,0.9477
612,0.9477
613,0.9477
614,0.9477
615,0.9477
616,0.9477
617,0.9477
618,0.9477
619,0.9477
620,0.9477
621,0.9477
622,0.9477
623,0.9477
624,0.9477
625,0.9477
626,0.9477
627,0.9477
628,0.9477
629,0.9477
630,0.9477
631,0.9477
632,0.9477
633,0.9477
634,0.9477
635,0.9477
636,0.9477
637,0.9477
638,0.9477
639,0.9477
640,0.9477
641,0.9477
642,0.9477
643,0.9477
644,0.9477
645,0.9477
646,0.9477
647,0.9477
648,0.9477
649,0.9477
650,0.9477
651,0.9477
652,0.9477
653,0.9477
654,0.9477
655,0.9477
656,0.9477
657,0.9477
658,0.9477
659,0.9477
660,0.9477
661,0.9477
662,0.9477
663,0.9477
664,0.9477
665,0.9477
666,0.9477
667,0.9477
668,0.9477
669,0.9477
670,0.9477
671,0.9477
672,0.9477
673,0.9477
674,0.9477
675,0.9477
676,0.9477
677,0.9477
678,0.9477
679,0.9477
680,0.9477
681,0.9477
682,0.9477
683,0.9477
684,0.9477
685,0.9477
686,0.9477
687,0.9477
688,0.9477
689,0.9477
690,0.9477
691,0.9477
692,0.9477
693,0.9477
694,0.9477
695,0.9477
696,0.9477
697,0.9477
698,0.9477
699,0.9477
700,0.9477
701,0.9477
702,0.9477
703,0.9477
704,0.9477
705,0.9477
706,0.9477
707,0.9477
708,0.9477
709,0.9477
710,0.9477
711,0.9477
712,0.9477
713,0.9477
714,0.9477
715,0.9477
716,0.9477
717,0.9477
718,0.9477
719,0.9477
720,0.9477
721,0.9477
722,0.9477
723,0.9477
724,0.9477
725,0.9477
726,0.9477
727,0.9477
728,0.9477
729,0.9477
730,0.9477
731,0.9477
732,0.9477
733,0.9477
734,0.9477
735,0.9477
736,0.9477
737,0.9477
738,0.9477
739,0.9477
740,0.9477
741,0.9477
742,0.9477
743,0.9477
744,0.9477
745,0.9477
746,0.9477
747,0.9477
748,0.9477
749,0.9477
750,0.9477
751,0.9477
752,0.9477
753,0.9477
754,0.9477
755,0.9477
756,0.9477
757,0.9477
758,0.9477
759,0.9477
760,0.9477
761,0.9477
762,0.9477
763,0.9477
764,0.9477
765,0.9477
766,0.9477
767,0.9477
768,0.9477
769,0.9477
770,0.9477
771,0.9477
772,0.9477
773,0.9477
774,0.9477
775,0.9477
776,0.9477
777,0.9477
778,0.9477
779,0.9477
780,0.9477
781,0.9477
782,0.9477
783,0.9477
784,0.9477
785,0.9477
786,0.9477
787,0.9477
788,0.9477
789,0.9477
790,0.9477
791,0.9477
792,0.9477
793,0.9477
794,0.9477
795,0.9477
796,0.9477
797,0.9477
798,0.9477
799,0.9477
800,0.9477
801,0.9477
802,0.9477
803,0.9477
804,0.9477
805,0.9477
806,0.9477
807,0.9477
808,0.9477
809,0.9477
810,0.9477
811,0.9477
812,0.9477
813,0.9477
814,0.9477
815,0.9477
816,0.9477
817,0.9477
818,0.9477
819,0.9477
820,0.9477
821,0.9477
822,0.9477
823,0.9477
824,0.9477
825,0.9477
826,0.9477
827,0.9477
828,0.9477
829,0.9477
830,0.9477
831,0.9477
832,0.9477
833,0.9477
834,0.9477
835,0.9477
836,0.9477
837,0.9477
838,0.9477
839,0.9477
840,0.9477
841,0.9477
842,0.9477
843,0.9477
844,0.9477
845,0.9477
846,0.9477
847,0.9477
848,0.9477
849,0.9477
850,0.9477
851,0.9477
852,0.9477
853,0.9477
854,0.9477
855,0.9477
856,0.9477
857,0.9477
858,0.9477
859,0.9477
860,0.9477
861,0.9477
862,0.9477
863,0.9477
864,0.9477
865,0.9477
866,0.9477
867,0.9477
868,0.9477
869,0.9477
870,0.9477
871,0.9477
872,0.9477
873,0.9477
874,0.9477
875,0.9477
876,0.9477
877,0.9477
878,0.9477
879,0.9477
880,0.9477
881,0.9477
882,0.9477
883,0.9477
884,0.9477
885,0.9477
886,0.9477
887,0.9477
888,0.9477
889,0.9477
890,0.9477
891,0.9477
892,0.9477
893,0.9477
894,0.9477
895,0.9477
896,0.9477
897,0.9477
898,0.9477
899,0.9477
900,0.9477
901,0.9477
902,0.9477
903,0.9477
904,0.9477
905,0.9477
906,0.9477
907,0.9477
908,0.9477
909,0.9477
910,0.9477
911,0.9477
912,0.9477
913,0.9477
914,0.9477
915,0.9477
916,0.9477
917,0.9477
918,0.9477
919,0.9477
920,0.9477
921,0.9477
922,0.9477
923,0.9477
924,0.9477
925,0.9477
926,0.9477
927,0.9477
928,0.9477
929,0.9477
930,0.9477
931,0.9477
932,0.9477
933,0.9477
934,0.9477
935,0.9477
936,0.9477
937,0.9477
938,0.9477
939,0.9477
940,0.9477
941,0.9477
942,0.9477
943,0.9477
944,0.9477
945,0.9477
946,0.9477
947,0.9477
948,0.9477
949,0.9477
950,0.9477
951,0.9477
952,0.9477
953,0.9477
954,0.9477
955,0.9477
956,0.9477
957,0.9477
958,0.9477
959,0.9477
960,0.9477
961,0.9477
962,0.9477
963,0.9477
964,0.9477
965,0.9477
966,0.9477
967,0.9477
968,0.9477
969,0.9477
970,0.9477
971,0.9477
972,0.9477
973,0.9477
974,0.9477
975,0.9477
976,0.9477
977,0.9477
978,0.9477
979,0.9477
980,0.9477
981,0.9477
982,0.9477
983,0.9477
984,0.9477
985,0.9477
986,0.9477
987,0.9477
988,0.9477
989,0.9477
990,0.9477
991,0.9477
992,0.9477
993,0.9477
994,0.9477
995,0.9477
996,0.9477
997,0.9477
998,0.9477
999,0.9477
1000,0.9477
1001,0.9477
1002,0.9477
1003,0.9477
1004,0.9477
1005,0.9477
1006,0.9477
1007,0.9477
1008,0.9477
1009,0.9477
1010,0.9477
1011,0.9477
1012,0.9477
1013,0.9477
1014,0.9477
1015,0.9477
1016,0.9477
1017,0.9477
1018,0.9477
1019,0.9477
1020,0.9477
1021,0.9477
1022,0.9477
1023,0.9477
1024,0.9477
1025,0.9477
1026,0.9477
1027,0.9477
1028,0.9477
1029,0.9477
1030,0.9477
1031,0.9477
1032,0.9477
1033,0.9477
1034,0.9477
1035,0.9477
1036,0.9477
1037,0.9477
1038,0.9477
1039,0.9477
1040,0.9477
1041,0.9477
1042,0.9477
1043,0.9477
1044,0.9477
1045,0.9477
1046,0.9477
1047,0.9477
1048,0.9477
1049,0.9477
1050,0.9477
1051,0.9477
1052,0.9477
1053,0.9477
1054,0.9477
1055,0.9477
1056,0.9477
1057,0.9477
1058,0.9477
1059,0.9477
1060,0.9477
1061,0.9477
1062,0.9477
1063,0.9477
1064,0.9477
1065,0.9477
1066,0.9477
1067,0.9477
1068,0.9477
1069,0.9477
1070,0.9477
1071,0.9477
1072,0.9477
1073,0.9477
1074,0.9477
1075,0.9477
1076,0.9477
1077,0.9477
1078,0.9477
1079,0.9477
1080,0.9477
1081,0.9477
1082,0.9477
1083,0.9477
1084,0.9477
1085,0.9477
1086,0.9477
1087,0.9477
1088,0.9477
1089,0.9477
1090,0.9477
1091,0.9477
1092,0.9477
1093,0.9477
1094,0.9477
1095,0.9477
1096,0.9477
1097,0.9477
1098,0.9477
1099,0.9477
1100,0.9477
1101,0.9477
1102,0.9477
1103,0.9477
1104,0.9477
1105,0.9477
1106,0.9477
1107,0.9477
1108,0.9477
1109,0.9477
1110,0.9477
1111,0.9477
1112,0.9477
1113,0.9477
1114,0.9477
1115,0.9477
1116,0.9477
1117,0.9477
1118,0.9477
1119,0.9477
1120,0.9477
1121,0.9477
1122,0.9477
1123,0.9477
1124,0.9477
1125,0.9477
1126,0.9477
1127,0.9477
1128,0.9477
1129,0.9477
1130,0.9477
1131,0.9477
1132,0.9477
1133,0.9477
1134,0.9477
1135,0.9477
1136,0.9477
1137,0.9477
1138,0.9477
1139,0.9477
1140,0.9477
1141,0.9477
1142,0.9477
1143,0.9477
1144,0.9477
1145,0.9477
1146,0.9477
1147,0.9477
1148,0.9477
1149,0.9477
1150,0.9477
1151,0.9477
1152,0.9477
1153,0.9477
1154,0.9477
1155,0.9477
1156,0.9477
1157,0.9477
1158,0.9477
1159,0.9477
1160,0.9477
1161,0.9477
1162,0.9477
1163,0.9477
1164,0.9477
1165,0.9477
1166,0.9477
1167,0.9477
1168,0.9477
1169,0.9477
1170,0.9477
1171,0.9477
1172,0.9477
1173,0.9477
1174,0.9477
1175,0.9477
1176,0.9477
1177,0.9477
1178,0.9477
1179,0.9477
1180,0.9477
1181,0.9477
1182,0.9477
1183,0.9477
1184,0.9477
1185,0.9477
1186,0.9477
1187,0.9477
1188,0.9477
1189,0.9477
1190,0.9477
1191,0.9477
1192,0.9477
1193,0.9477
1194,0.9477
1195,0.9477
1196,0.9477
1197,0.9477
1198,0.9477
1199,0.9477
1200,0.9477
1201,0.9477
1202,0.9477
1203,0.9477
1204,0.9477
1205,0.9477
1206,0.9477
1207,0.9477
1208,0.9477
1209,0.9477
1210,0.9477
1211,0.9477
1212,0.9477
1213,0.9477
1214,0.9477
1215,0.9477
1216,0.9477
1217,0.9477
1218,0.9477
1219,0.9477
1220,0.9477
1221,0.9477
1222,0.9477
1223,0.9477
1224,0.9477
1225,0.9477
1226,0.9477
1227,0.9477
1228,0.9477
1229,0.9477
1230,0.9477
1231,0.9477
1232,0.9477
1233,0.9477
1234,0.9477
1235,0.9477
1236,0.9477
1237,0.9477
1238,0.9477
1239,0.9477
1240,0.9477
1241,0.9477
1242,0.9477
1243,0.9477
1244,0.9477
1245,0.9477
1246,0.9477
1247,0.9477
1248,0.9477
1249,0.9477
1250,0.9477
1251,0.9477
1252,0.9477
1253,0.9477
1254,0.9477
1255,0.9477
1256,0.9477
1257,0.9477
1258,0.9477
1259,0.9477
1260,0.9477
1261,0.9477
1262,0.9477
1263,0.9477
1264,0.9477
1265,0.9477
1266,0.9477
1267,0.9477
1268,0.9477
1269,0.9477
1270,0.9477
1271,0.9477
1272,0.9477
1273,0.9477
1274,0.9477
1275,0.9477
1276,0.9477
1277,0.9477
1278,0.9477
1279,0.9477
1280,0.9477
1281,0.9477
1282,0.9477
1283,0.9477
1284,0.9477
1285,0.9477
1286,0.9477
1287,0.9477
1288,0.9477
1289,0.9477
1290,0.9477
1291,0.9477
1292,0.9477
1293,0.9477
1294,0.9477
1295,0.9477
1296,0.9477
1297,0.9477
1298,0.9477
1299,0.9477
1300,0.9477
1301,0.9477
1302,0.9477
1303,0.9477
1304,0.9477
1305,0.9477
1306,0.9477
1307,0.9477
1308,0.9477
1309,0.9477
1310,0.9477
1311,0.9477
1312,0.9477
1313,0.9477
1314,0.9477
1315,0.9477
1316,0.9477
1317,0.9477
1318,0.9477
1319,0.9477
1320,0.9477
1321,0.9477
1322,0.9477
1323,0.9477
1324,0.9477
1325,0.9477
1326,0.9477
1327,0.9477
1328,0.9477
1329,0.9477
1330,0.9477
1331,0.9477
1332,0.9477
1333,0.9477
1334,0.9477
1335,0.9477
1336,0.9477
1337,0.9477
1338,0.9477
1339,0.9477
1340,0.9477
1341,0.9477
1342,0.9477
1343,0.9477
1344,0.9477
1345,0.9477
1346,0.9477
1347,0.9477
1348,0.9477
1349,0.9477
1350,0.9477
1351,0.9477
1352,0.9477
1353,0.9477
1354,0.9477
1355,0.9477
1356,0.9477
1357,0.9477
1358,0.9477
1359,0.9477
1360,0.9477
1361,0.9477
1362,0.9477
1363,0.9477
1364,0.9477
1365,0.9477
1366,0.9477
1367,0.9477
1368,0.9477
1369,0.9477
1370,0.9477
1371,0.9477
1372,0.9477
1373,0.9477
1374,0.9477
1375,0.9477
1376,0.9477
1377,0.9477
1378,0.9477
1379,0.9477
1380,0.9477
1381,0.9477
1382,0.9477
1383,0.9477
1384,0.9477
1385,0.9477
1386,0.9477
1387,0.9477
1388,0.9477
1389,0.9477
1390,0.9477
1391,0.9477
1392,0.9477
1393,0.9477
1394,0.9477
1395,0.9477
1396,0.9477
1397,0.9477
1398,0.9477
1399,0.9477
1400,0.9477
1401,0.9477
1402,0.9477
1403,0.9477
1404,0.9477
1405,0.9477
1406,0.9477
1407,0.9477
1408,0.9477
1409,0.9477
1410,0.9477
1411,0.9477
1412,0.9477
1413,0.9477
1414,0.9477
1415,0.9477
1416,0.9477
1417,0.9477
1418,0.9477
1419,0.9477
1420,0.9477
1421,0.9477
1422,0.9477
1423,0.9477
1424,0.9477
1425,0.9477
1426,0.9477
1427,0.9477
1428,0.9477
1429,0.9477
1430,0.9477
1431,0.9477
1432,0.9477
1433,0.9477
1434,0.9477
1435,0.9477
1436,0.9477
1437,0.9477
1438,0.9477
1439,0.9477
1440,0.9477
1441,0.9477
1442,0.9477
1443,0.9477
1444,0.9477
1445,0.9477
1446,0.9477
1447,0.9477
1448,0.9477
1449,0.9477
1450,0.9477
1451,0.9477
1452,0.9477
1453,0.9477
1454,0.9477
1455,0.9477
1456,0.9477
1457,0.9477
1458,0.9477
1459,0.9477
1460,0.9477
1461,0.9477
1462,0.9477
1463,0.9477
1464,0.9477
1465,0.9477
1466,0.9477
1467,0.9477
1468,0.9477
1469,0.9477
1470,0.9477
1471,0.9477
1472,0.9477
1473,0.9477
1474,0.9477
1475,0.9477
1476,0.9477
1477,0.9477
1478,0.9477
1479,0.9477
1480,0.9477
1481,0.9477
1482,0.9477
1483,0.9477
1484,0.9477
1485,0.9477
1486,0.9477
1487,0.9477
1488,0.9477
1489,0.9477
1490,0.9477
1491,0.9477
1492,0.9477
1493,0.9477
1494,0.9477
1495,0.9477
1496,0.9477
1497,0.9477
1498,0.9477
1499,0.9477
1500,0.9477
1501,0.9477
1502,0.9477
1503,0.9477
1504,0.9477
1505,0.9477
1506,0.9477
1507,0.9477
1508,0.9477
1509,0.9477
1510,0.9477
1511,0.9477
1512,0.9477
1513,0.9477
1514,0.9477
1515,0.9477
1516,0.9477
1517,0.9477
1518,0.9477
1519,0.9477
1520,0.9477
1521,0.9477
1522,0.9477
1523,0.9477
1524,0.9477
1525,0.9477
1526,0.9477
1527,0.9477
1528,0.9477
1529,0.9477
1530,0.9477
1531,0.9477
1532,0.9477
1533,0.9477
1534,0.9477
1535,0.9477
1536,0.9477
1537,0.9477
1538,0.9477
1539,0.9477
1540,0.9477
1541,0.9477
1542,0.9477
1543,0.9477
1544,0.9477
1545,0.9477
1546,0.9477
1547,0.9477
1548,0.9477
1549,0.9477
1550,0.9477
1551,0.9477
1552,0.9477
1553,0.9477
1554,0.9477
1555,0.9477
1556,0.9477
1557,0.9477
1558,0.9477
1559,0.9477
1560,0.9477
1561,0.9477
1562,0.9477
1563,0.9477
1564,0.9477
1565,0.9477
1566,0.9477
1567,0.9477
1568,0.9477
1569,0.9477
1570,0.9477
1571,0.9477
1572,0.9477
1573,0.9477
1574,0.9477
1575,0.9477
1576,0.9477
1577,0.9477
1578,0.9477
1579,0.9477
1580,0.9477
1581,0.9477
1582,0.9477
1583,0.9477
1584,0.9477
1585,0.9477
1586,0.9477
1587,0.9477
1588,0.9477
1589,0.9477
1590,0.9477
1591,0.9477
1592,0.9477
1593,0.9477
1594,0.9477
1595,0.9477
1596,0.9477
1597,0.9477
1598,0.9477
1599,0.9477
1600,0.9477
1601,0.9477
1602,0.9477
1603,0.9477
1604,0.9477
1605,0.9477
1606,0.9477
1607,0.9477
1608,0.9477
1609,0.9477
1610,0.9477
1611,0.9477
1612,0.9477
1613,0.9477
1614,0.9477
1615,0.9477
1616,0.9477
1617,0.9477
1618,0.9477
1619,0.9477
1620,0.9477
1621,0.9477
1622,0.9477
1623,0.9477
1624,0.9477
1625,0.9477
1626,0.9477
1627,0.9477
1628,0.9477
1629,0.9477
1630,0.9477
1631,0.9477
1632,0.9477
1633,0.9477
1634,0.9477
1635,0.9477
1636,0.9477
1637,0.9477
1638,0.9477
1639,0.9477
1640,0.9477
1641,0.9477
1642,0.9477
1643,0.9477
1644,0.9477
1645,0.9477
1646,0.9477
1647,0.9477
1648,0.9477
1649,0.9477
1650,0.9477
1651,0.9477
1652,0.9477
1653,0.9477
1654,0.9477
1655,0.9477
1656,0.9477
1657,0.9477
1658,0.9477
1659,0.9477
1660,0.9477
1661,0.9477
1662,0.9477
1663,0.9477
1664,0.9477
1665,0.9477
1666,0.9477
1667,0.9477
1668,0.9477
1669,0.9477
1670,0.9477
1671,0.9477
1672,0.9477
1673,0.9477
1674,0.9477
1675,0.9477
1676,0.9477
1677,0.9477
1678,0.9477
1679,0.9477
1680,0.9477
1681,0.9477
1682,0.9477
1683,0.9477
1684,0.9477
1685,0.9477
1686,0.9477
1687,0.9477
1688,0.9477
1689,0.9477
1690,0.9477
1691,0.9477
1692,0.9477
1693,0.9477
1694,0.9477
1695,0.9477
1696,0.9477
1697,0.9477
1698,0.9477
1699,0.9477
1700,0.9477
1701,0.9477
1702,0.9477
1703,0.9477
1704,0.9477
1705,0.9477
1706,0.9477
1707,0.9477
1708,0.9477
1709,0.9477
1710,0.9477
1711,0.9477
1712,0.9477
1713,0.9477
1714,0.9477
1715,0.9477
1716,0.9477
1717,0.9477
1718,0.9477
1719,0.9477
1720,0.9477
1721,0.9477
1722,0.9477
1723,0.9477
1724,0.9477
1725,0.9477
1726,0.9477
1727,0.9477
1728,0.9477
1729,0.9477
1730,0.9477
1731,0.9477
1732,0.9477
1733,0.9477
1734,0.9477
1735,0.9477
1736,0.9477
1737,0.9477
1738,0.9477
1739,0.9477
1740,0.9477
1741,0.9477
1742,0.9477
1743,0.9477
1744,0.9477
1745,0.9477
1746,0.9477
1747,0.9477
1748,0.9477
1749,0.9477
1750,0.9477
1751,0.9477
1752,0.9477
1753,0.9477
1754,0.9477
1755,0.9477
1756,0.9477
1757,0.9477
1758,0.9477
1759,0.9477
1760,0.9477
1761,0.9477
1762,0.9477
1763,0.9477
1764,0.9477
1765,0.9477
1766,0.9477
1767,0.9477
1768,0.9477
1769,0.9477
1770,0.9477
1771,0.9477
1772,0.9477
1773,0.9477
1774,0.9477
1775,0.9477
1776,0.9477
1777,0.9477
1778,0.9477
1779,0.9477
1780,0.9477
1781,0.9477
1782,0.9477
1783,0.9477
1784,0.9477
1785,0.9477
1786,0.9477
1787,0.9477
1788,0.9477
1789,0.9477
1790,0.9477
1791,0.9477
1792,0.9477
1793,0.9477
1794,0.9477
1795,0.9477
1796,0.9477
1797,0.9477
1798,0.9477
1799,0.9477
1800,0.9477
1801,0.9477
1802,0.9477
1803,0.9477
1804,0.9477
1805,0.9477
1806,0.9477
1807,0.9477
1808,0.9477
1809,0.9477
1810,0.9477
1811,0.9477
1812,0.9477
1813,0.9477
1814,0.9477
1815,0.9477
1816,0.9477
1817,0.9477
1818,0.9477
1819,0.9477
1820,0.9477
1821,0.9477
1822,0.9477
1823,0.9477
1824,0.9477
1825,0.9477
1826,0.9477
1827,0.9477
1828,0.9477
1829,0.9477
1830,0.9477
1831,0.9477
1832,0.9477
1833,0.9477
1834,0.9477
1835,0.9477
1836,0.9477
1837,0.9477
1838,0.9477
1839,0.9477
1840,0.9477
1841,0.9477
1842,0.9477
1843,0.9477
1844,0.9477
1845,0.9477
1846,0.9477
1847,0.9477
1848,0.9477
1849,0.9477
1850,0.9477
1851,0.9477
1852,0.9477
1853,0.9477
1854,0.9477
1855,0.9477
1856,0.9477
1857,0.9477
1858,0.9477
1859,0.9477
1860,0.9477
1861,0.9477
1862,0.9477
1863,0.9477
1864,0.9477
1865,0.9477
1866,0.9477
1867,0.9477
1868,0.9477
1869,0.9477
1870,0.9477
1871,0.9477
1872,0.9477
1873,0.9477
1874,0.9477
1875,0.9477
1876,0.9477
1877,0.9477
1878,0.9477
1879,0.9477
1880,0.9477
1881,0.9477
1882,0.9477
1883,0.9477
1884,0.9477
1885,0.9477
1886,0.9477
1887,0.9477
1888,0.9477
1889,0.9477
1890,0.9477
1891,0.9477
1892,0.9477
1893,0.9477
1894,0.9477
1895,0.9477
1896,0.9477
1897,0.9477
1898,0.9477
1899,0.9477
1900,0.9477
1901,0.9477
1902,0.9477
1903,0.9477
1904,0.9477
1905,0.9477
1906,0.9477
1907,0.9477
1908,0.9477
1909,0.9477
1910,0.9477
1911,0.9477
1912,0.9477
1913,0.9477
1914,0.9477
1915,0.9477
1916,0.9477
1917,0.9477
1918,0.9477
1919,0.9477
1920,0.9477
1921,0.9477
1922,0.9477
1923,0.9477
1924,0.9477
1925,0.9477
1926,0.9477
1927,0.9477
1928,0.9477
1929,0.9477
1930,0.9477
1931,0.9477
1932,0.9477
1933,0.9477
1934,0.9477
1935,0.9477
1936,0.9477
1937,0.9477
1938,0.9477
1939,0.9477
1940,0.9477
1941,0.9477
1942,0.9477
1943,0.9477
1944,0.9477
1945,0.9477
1946,0.9477
1947,0.9477
1948,0.9477
1949,0.9477
1950,0.9477
1951,0.9477
1952,0.9477
1953,0.9477
1954,0.9477
1955,0.9477
1956,0.9477
1957,0.9477
1958,0.9477
1959,0.9477
1960,0.9477
1961,0.9477
1962,0.9477
1963,0.9477
1964,0.9477
1965,0.9477
1966,0.9477
1967,0.9477
1968,0.9477
1969,0.9477
1970,0.9477
1971,0.9477
1972,0.9477
1973,0.9477
1974,0.9477
1975,0.9477
1976,0.9477
1977,0.9477
1978,0.9477
1979,0.9477
1980,0.9477
1981,0.9477
1982,0.9477
1983,0.9477
1984,0.9477
1985,0.9477
1986,0.9477
1987,0.9477
1988,0.9477
1989,0.9477
1990,0.9477
1991,0.9477
1992,0.9477
1993,0.9477
1994,0.9477
1995,0.9477
1996,0.9477
1997,0.9477
1998,0.9477
1999,0.9477
2000,0.9477
2001,0.9477
2002,0.9477
2003,0.9477
2004,0.9477
2005,0.9477
2006,0.9477
2007,0.9477
2008,0.9477
2009,0.9477
2010,0.9477
2011,0.9477
2012,0.9477
2013,0.9477
2014,0.9477
2015,0.9477
2016,0.9477
2017,0.9477
2018,0.9477
2019,0.9477
2020,0.9477
2021,0.9477
2022,0.9477
2023,0.9477
2024,0.9477
2025,0.9477
2026,0.9477
2027,0.9477
2028,0.9477
2029,0.9477
2030,0.9477
2031,0.9477
2032,0.9477
2033,0.9477
2034,0.9477
2035,0.9477
2036,0.9477
2037,0.9477
2038,0.9477
2039,0.9477
2040,0.9477
2041,0.9477
2042,0.9477
2043,0.9477
2044,0.9477
2045,0.9477
2046,0.9477
2047,0.9477
2048,0.9477
2049,0.9477
2050,0.9477
2051,0.9477
2052,0.9477
2053,0.9477
2054,0.9477
2055,0.9477
2056,0.9477
2057,0.9477
2058,0.9477
2059,0.9477
2060,0.9477
2061,0.9477
2062,0.9477
2063,0.9477
2064,0.9477
2065,0.9477
2066,0.9477
2067,0.9477
2068,0.9477
2069,0.9477
2070,0.9477
2071,0.9477
2072,0.9477
2073,0.9477
2074,0.9477
2075,0.9477
2076,0.9477
2077,0.9477
2078,0.9477
2079,0.9477
2080,0.9477
2081,0.9477
2082,0.9477
2083,0.9477
2084,0.9477
2085,0.9477
2086,0.9477
2087,0.9477
2088,0.9477
2089,0.9477
2090,0.9477
2091,0.9477
2092,0.9477
2093,0.9477
2094,0.9477
2095,0.9477
2096,0.9477
2097,0.9477
2098,0.9477
2099,0.9477
2100,0.9477
2101,0.9477
2102,0.9477
2103,0.9477
2104,0.9477
2105,0.9477
2106,0.9477
2107,0.9477
2108,0.9477
2109,0.9477
2110,0.9477
2111,0.9477
2112,0.9477
2113,0.9477
2114,0.9477
2115,0.9477
2116,0.9477
2117,0.9477
2118,0.9477
2119,0.9477
2120,0.9477
2121,0.9477
2122,0.9477
2123,0.9477
2124,0.9477
2125,0.9477
2126,0.9477
2127,0.9477
2128,0.9477
2129,0.9477
2130,0.9477
2131,0.9477
2132,0.9477
2133,0.9477
2134,0.9477
2135,0.9477
2136,0.9477
2137,0.9477
2138,0.9477
2139,0.9477
2140,0.9477
2141,0.9477
2142,0.9477
2143,0.9477
2144,0.9477
2145,0.9477
2146,0.9477
2147,0.9477
2148,0.9477
2149,0.9477
2150,0.9477
2151,0.9477
2152,0.9477
2153,0.9477
2154,0.9477
2155,0.9477
2156,0.9477
2157,0.9477
2158,0.9477
2159,0.9477
2160,0.9477
2161,0.9477
2162,0.9477
2163,0.9477
2164,0.9477
2165,0.9477
2166,0.9477
2167,0.9477
2168,0.9477
2169,0.9477
2170,0.9477
2171,0.9477
2172,0.9477
2173,0.9477
2174,0.9477
2175,0.9477
2176,0.9477
2177,0.9477
2178,0.9477
2179,0.9477
2180,0.9477
2181,0.9477
2182,0.9477
2183,0.9477
2184,0.9477
2185,0.9477
2186,0.9477
2187,0.9477
2188,0.9477
2189,0.9477
2190,0.9477
2191,0.9477
2192,0.9477
2193,0.9477
2194,0.9477
2195,0.9477
2196,0.9477
2197,0.9477
2198,0.9477
2199,0.9477
2200,0.9477
2201,0.9477
2202,0.9477
2203,0.9477
2204,0.9477
2205,0.9477
2206,0.9477
2207,0.9477
2208,0.9477
2209,0.9477
2210,0.9477
2211,0.9477
2212,0.9477
2213,0.9477
2214,0.9477
2215,0.9477
2216,0.9477
2217,0.9477
2218,0.9477
2219,0.9477
2220,0.9477
2221,0.9477
2222,0.9477
2223,0.9477
2224,0.9477
2225,0.9477
2226,0.9477
2227,0.9477
2228,0.9477
2229,0.9477
2230,0.9477
2231,0.9477
2232,0.9477
2233,0.9477
2234,0.9477
2235,0.9477
2236,0.9477
2237,0.9477
2238,0.9477
2239,0.9477
2240,0.9477
2241,0.9477
2242,0.9477
2243,0.9477
2244,0.9477
2245,0.9477
2246,0.9477
2247,0.9477
2248,0.9477
2249,0.9477
2250,0.9477
2251,0.9477
2252,0.9477
2253,0.9477
2254,0.9477
2255,0.9477
2256,0.9477
2257,0.9477
2258,0.9477
2259,0.9477
2260,0.9477
2261,0.9477
2262,0.9477
2263,0.9477
2264,0.9477
2265,0.9477
2266,0.9477
2267,0.9477
2268,0.9477
2269,0.9477
2270,0.9477
2271,0.9477
2272,0.9477
2273,0.9477
2274,0.9477
2275,0.9477
2276,0.9477
2277,0.9477
2278,0.9477
2279,0.9477
2280,0.9477
2281,0.9477
2282,0.9477
2283,0.9477
2284,0.9477
2285,0.9477
2286,0.9477
2287,0.9477
2288,0.9477
2289,0.9477
2290,0.9477
2291,0.9477
2292,0.9477
2293,0.9477
2294,0.9477
2295,0.9477
2296,0.9477
2297,0.9477
2298,0.9477
2299,0.9477
2300,0.9477
2301,0.9477
2302,0.9477
2303,0.9477
2304,0.9477
2305,0.9477
2306,0.9477
2307,0.9477
2308,0.9477
2309,0.9477
2310,0.9477
2311,0.9477
2312,0.9477
2313,0.9477
2314,0.9477
2315,0.9477
2316,0.9477
2317,0.9477
2318,0.9477
2319,0.9477
2320,0.9477
2321,0.9477
2322,0.9477
2323,0.9477
2324,0.9477
2325,0.9477
2326,0.9477
2327,0.9477
2328,0.9477
2329,0.9477
2330,0.9477
2331,0.9477
2332,0.9477
2333,0.9477
2334,0.9477
2335,0.9477
2336,0.9477
2337,0.9477
2338,0.9477
2339,0.9477
2340,0.9477
2341,0.9477
2342,0.9477
2343,0.9477
2344,0.9477
2345,0.9477
2346,0.9477
2347,0.9477
2348,0.9477
2349,0.9477
2350,0.9477
2351,0.9477
2352,0.9477
2353,0.9477
2354,0.9477
2355,0.9477
2356,0.9477
2357,0.9477
2358,0.9477
2359,0.9477
2360,0.9477
2361,0.9477
2362,0.9477
2363,0.9477
2364,0.9477
2365,0.9477
2366,0.9477
2367,0.9477
2368,0.9477
2369,0.9477
2370,0.9477
2371,0.9477
2372,0.9477
2373,0.9477
2374,0.9477
2375,0.9477
2376,0.9477
2377,0.9477
2378,0.9477
2379,0.9477
2380,0.9477
2381,0.9477
2382,0.9477
2383,0.9477
2384,0.9477
2385,0.9477
2386,0.9477
2387,0.9477
2388,0.9477
2389,0.9477
2390,0.9477
2391,0.9477
2392,0.9477
2393,0.9477
2394,0.9477
2395,0.9477
2396,0.9477
2397,0.9477
2398,0.9477
2399,0.9477
2400,0.9477
2401,0.9477
2402,0.9477
2403,0.9477
2404,0.9477
2405,0.9477
2406,0.9477
2407,0.9477
2408,0.9477
2409,0.9477
2410,0.9477
2411,0.9477
2412,0.9477
2413,0.9477
2414,0.9477
2415,0.9477
2416,0.9477
2417,0.9477
2418,0.9477
2419,0.9477
2420,0.9477
2421,0.9477
2422,0.9477
2423,0.9477
2424,0.9477
2425,0.9477
2426,0.9477
2427,0.9477
2428,0.9477
2429,0.9477
2430,0.9477
2431,0.9477
2432,0.9477
2433,0.9477
2434,0.9477
2435,0.9477
2436,0.9477
2437,0.9477
2438,0.9477
2439,0.9477
2440,0.9477
2441,0.9477
2442,0.9477
2443,0.9477
2444,0.9477
2445,0.9477
2446,0.9477
2447,0.9477
2448,0.9477
2449,0.9477
2450,0.9477
2451,0.9477
2452,0.9477
2453,0.9477
2454,0.9477
2455,0.9477
2456,0.9477
2457,0.9477
2458,0.9477
2459,0.9477
2460,0.9477
2461,0.9477
2462,0.9477
2463,0.9477
2464,0.9477
2465,0.9477
2466,0.9477
2467,0.9477
2468,0.9477
2469,0.9477
2470,0.9477
2471,0.9477
2472,0.9477
2473,0.9477
2474,0.9477
2475,0.9477
2476,0.9477
2477,0.9477
2478,0.9477
2479,0.9477
2480,0.9477
2481,0.9477
2482,0.9477
2483,0.9477
2484,0.9477
2485,0.9477
2486,0.9477
2487,0.9477
2488,0.9477
2489,0.9477
2490,0.9477
2491,0.9477
2492,0.9477
2493,0.9477
2494,0.9477
2495,0.9477
2496,0.9477
2497,0.9477
2498,0.9477
2499,0.9477
2500,0.9477
2501,0.9477
2502,0.9477
2503,0.9477
2504,0.9477
2505,0.9477
2506,0.9477
2507,0.9477
2508,0.9477
2509,0.9477
2510,0.9477
2511,0.9477
2512,0.9477
2513,0.9477
2514,0.9477
2515,0.9477
2516,0.9477
2517,0.9477
2518,0.9477
2519,0.9477
2520,0.9477
2521,0.9477
2522,0.9477
2523,0.9477
2524,0.9477
2525,0.9477
2526,0.9477
2527,0.9477
2528,0.9477
2529,0.9477
2530,0.9477
2531,0.9477
2532,0.9477
2533,0.9477
2534,0.9477
2535,0.9477
2536,0.9477
2537,0.9477
2538,0.9477
2539,0.9477
2540,0.9477
2541,0.9477
2542,0.9477
2543,0.9477
2544,0.9477
2545,0.9477
2546,0.9477
2547,0.9477
2548,0.9477
2549,0.9477
2550,0.9477
2551,0.9477
2552,0.9477
2553,0.9477
2554,0.9477
2555,0.9477
2556,0.9477
2557,0.9477
2558,0.9477
2559,0.9477
2560,0.9477
2561,0.9477
2562,0.9477
2563,0.9477
2564,0.9477
2565,0.9477
2566,0.9477
2567,0.9477
2568,0.9477
2569,0.9477
2570,0.9477
2571,0.9477
2572,0.9477
2573,0.9477
2574,0.9477
2575,0.9477
2576,0.9477
2577,0.9477
2578,0.9477
2579,0.9477
2580,0.9477
2581,0.9477
2582,0.9477
2583,0.9477
2584,0.9477
2585,0.9477
2586,0.9477
2587,0.9477
2588,0.9477
2589,0.9477
2590,0.9477
2591,0.9477
2592,0.9477
2593,0.9477
2594,0.9477
2595,0.9477
2596,0.9477
2597,0.9477
2598,0.9477
2599,0.9477
2600,0.9477
2601,0.9477
2602,0.9477
2603,0.9477
2604,0.9477
2605,0.9477
2606,0.9477
2607,0.9477
2608,0.9477
2609,0.9477
2610,0.9477
2611,0.9477
2612,0.9477
2613,0.9477
2614,0.9477
2615,0.9477
2616,0.9477
2617,0.9477
2618,0.9477
2619,0.9477
2620,0.9477
2621,0.9477
2622,0.9477
2623,0.9477
2624,0.9477
2625,0.9477
2626,0.9477
2627,0.9477
2628,0.9477
2629,0.9477
2630,0.9477
2631,0.9477
2632,0.9477
2633,0.9477
2634,0.9477
2635,0.9477
2636,0.9477
2637,0.9477
2638,0.9477
2639,0.9477
2640,0.9477
2641,0.9477
2642,0.9477
2643,0.9477
2644,0.9477
2645,0.9477
2646,0.9477
2647,0.9477
2648,0.9477
2649,0.9477
2650,0.9477
2651,0.9477
2652,0.9477
2653,0.9477
2654,0.9477
2655,0.9477
2656,0.9477
2657,0.9477
2658,0.9477
2659,0.9477
2660,0.9477
2661,0.9477
2662,0.9477
2663,0.9477
2664,0.9477
2665,0.9477
2666,0.9477
2667,0.9477
2668,0.9477
2669,0.9477
2670,0.9477
2671,0.9477
2672,0.9477
2673,0.9477
2674,0.9477
2675,0.9477
2676,0.9477
2677,0.9477
2678,0.9477
2679,0.9477
2680,0.9477
2681,0.9477
2682,0.9477
2683,0.9477
2684,0.9477
2685,0.9477
2686,0.9477
2687,0.9477
2688,0.9477
2689,0.9477
2690,0.9477
2691,0.9477
2692,0.9477
2693,0.9477
2694,0.9477
2695,0.9477
2696,0.9477
2697,0.9477
2698,0.9477
2699,0.9477
2700,0.9477
2701,0.9477
2702,0.9477
2703,0.9477
2704,0.9477
2705,0.9477
2706,0.9477
2707,0.9477
2708,0.9477
2709,0.9477
2710,0.9477
2711,0.9477
2712,0.9477
2713,0.9477
2714,0.9477
2715,0.9477
2716,0.9477
2717,0.9477
2718,0.9477
2719,0.9477
2720,0.9477
2721,0.9477
2722,0.9477
2723,0.9477
2724,0.9477
2725,0.9477
2726,0.9477
2727,0.9477
2728,0.9477
2729,0.9477
2730,0.9477
2731,0.9477
2732,0.9477
2733,0.9477
2734,0.9477
2735,0.9477
2736,0.9477
2737,0.9477
2738,0.9477
2739,0.9477
2740,0.9477
2741,0.9477
2742,0.9477
2743,0.9477
2744,0.9477
2745,0.9477
2746,0.9477
2747,0.9477
2748,0.9477
2749,0.9477
2750,0.9477
2751,0.9477
2752,0.9477
2753,0.9477
2754,0.9477
2755,0.9477
2756,0.9477
2757,0.9477
2758,0.9477
2759,0.9477
2760,0.9477
2761,0.9477
2762,0.9477
2763,0.9477
2764,0.9477
2765,0.9477
2766,0.9477
2767,0.9477
2768,0.9477
2769,0.9477
2770,0.9477
2771,0.9477
2772,0.9477
2773,0.9477
2774,0.9477
2775,0.9477
2776,0.9477
2777,0.9477
2778,0.9477
2779,0.9477
2780,0.9477
2781,0.9477
2782,0.9477
2783,0.9477
2784,0.9477
2785,0.9477
2786,0.9477
2787,0.9477
2788,0.9477
2789,0.9477
2790,0.9477
2791,0.9477
2792,0.9477
2793,0.9477
2794,0.9477
2795,0.9477
2796,0.9477
2797,0.9477
2798,0.9477
2799,0.9477
2800,0.9477
2801,0.9477
2802,0.9477
2803,0.9477
2804,0.9477
2805,0.9477
2806,0.9477
2807,0.9477
2808,0.9477
2809,0.9477
2810,0.9477
2811,0.9477
2812,0.9477
2813,0.9477
2814,0.9477
2815,0.9477
2816,0.9477
2817,0.9477
2818,0.9477
2819,0.9477
2820,0.9477
2821,0.9477
2822,0.9477
2823,0.9477
2824,0.9477
2825,0.9477
2826,0.9477
2827,0.9477
2828,0.9477
2829,0.9477
2830,0.9477
2831,0.9477
2832,0.9477
2833,0.9477
2834,0.9477
2835,0.9477
2836,0.9477
2837,0.9477
2838,0.9477
2839,0.9477
2840,0.9477
2841,0.9477
2842,0.9477
2843,0.9477
2844,0.9477
2845,0.9477
2846,0.9477
2847,0.9477
2848,0.9477
2849,0.9477
2850,0.9477
2851,0.9477
2852,0.9477
2853,0.9477
2854,0.9477
2855,0.9477
2856,0.9477
2857,0.9477
2858,0.9477
2859,0.9477
2860,0.9477
2861,0.9477
2862,0.9477
2863,0.9477
2864,0.9477
2865,0.9477
2866,0.9477
2867,0.9477
2868,0.9477
2869,0.9477
2870,0.9477
2871,0.9477
2872,0.9477
2873,0.9477
2874,0.9477
2875,0.9477
2876,0.9477
2877,0.9477
2878,0.9477
2879,0.9477
2880,0.9477
2881,0.9477
2882,0.9477
2883,0.9477
2884,0.9477
2885,0.9477
2886,0.9477
2887,0.9477
2888,0.9477
2889,0.9477
2890,0.9477
2891,0.9477
2892,0.9477
2893,0.9477
2894,0.9477
2895,0.9477
2896,0.9477
2897,0.9477
2898,0.9477
2899,0.9477
2900,0.9477
2901,0.9477
2902,0.9477
2903,0.9477
2904,0.9477
2905,0.9477
2906,0.9477
2907,0.9477
2908,0.9477
2909,0.9477
2910,0.9477
2911,0.9477
2912,0.9477
2913,0.9477
2914,0.9477
2915,0.9477
2916,0.9477
2917,0.9477
2918,0.9477
2919,0.9477
2920,0.9477
2921,0.9477
2922,0.9477
2923,0.9477
2924,0.9477
2925,0.9477
2926,0.9477
2927,0.9477
2928,0.9477
2929,0.9477
2930,0.9477
2931,0.9477
2932,0.9477
2933,0.9477
2934,0.9477
2935,0.9477
2936,0.9477
2937,0.9477
2938,0.9477
2939,0.9477
2940,0.9477
2941,0.9477
2942,0.9477
2943,0.9477
2944,0.9477
2945,0.9477
2946,0.9477
2947,0.9477
2948,0.9477
2949,0.9477
2950,0.9477
2951,0.9477
2952,0.9477
2953,0.9477
2954,0.9477
2955,0.9477
2956,0.9477
2957,0.9477
2958,0.9477
2959,0.9477
2960,0.9477
2961,0.9477
2962,0.9477
2963,0.9477
2964,0.9477
2965,0.9477
2966,0.9477
2967,0.9477
2968,0.9477
2969,0.9477
2970,0.9477
2971,0.9477
2972,0.9477
2973,0.9477
2974,0.9477
2975,0.9477
2976,0.9477
2977,0.9477
2978,0.9477
2979,0.9477
2980,0.9477
2981,0.9477
2982,0.9477
2983,0.9477
2984,0.9477
2985,0.9477
2986,0.9477
2987,0.9477
2988,0.9477
2989,0.9477
2990,0.9477
2991,0.9477
2992,0.9477
2993,0.9477
2994,0.9477
2995,0.9477
2996,0.9477
2997,0.9477
2998,0.9477
2999,0.9477
3000,0.9477
3001,0.9477
3002,0.9477
3003,0.9477
3004,0.9477
3005,0.9477
3006,0.9477
3007,0.9477
3008,0.9477
3009,0.9477
3010,0.9477
3011,0.9477
3012,0.9477
3013,0.9477
3014,0.9477
3015,0.9477
3016,0.9477
3017,0.9477
3018,0.9477
3019,0.9477
3020,0.9477
3021,0.9477
3022,0.9477
3023,0.9477
3024,0.9477
3025,0.9477
3026,0.9477
3027,0.9477
3028,0.9477
3029,0.9477
3030,0.9477
3031,0.9477
3032,0.9477
3033,0.9477
3034,0.9477
3035,0.9477
3036,0.9477
3037,0.9477
3038,0.9477
3039,0.9477
3040,0.9477
3041,0.9477
3042,0.9477
3043,0.9477
3044,0.9477
3045,0.9477
3046,0.9477
3047,0.9477
3048,0.9477
3049,0.9477
3050,0.9477
3051,0.9477
3052,0.9477
3053,0.9477
3054,0.9477
3055,0.9477
3056,0.9477
3057,0.9477
3058,0.9477
3059,0.9477
3060,0.9477
3061,0.9477
3062,0.9477
3063,0.9477
3064,0.9477
3065,0.9477
3066,0.9477
3067,0.9477
3068,0.9477
3069,0.9477
3070,0.9477
3071,0.9477
3072,0.9477
3073,0.9477
3074,0.9477
3075,0.9477
3076,0.9477
3077,0.9477
3078,0.9477
3079,0.9477
3080,0.9477
3081,0.9477
3082,0.9477
3083,0.9477
3084,0.9477
3085,0.9477
3086,0.9477
3087,0.9477
3088,0.9477
3089,0.9477
3090,0.9477
3091,0.9477
3092,0.9477
3093,0.9477
3094,0.9477
3095,0.9477
3096,0.9477
3097,0.9477
3098,0.9477
3099,0.9477
3100,0.9477
3101,0.9477
3102,0.9477
3103,0.9477
3104,0.9477
3105,0.9477
3106,0.9477
3107,0.9477
3108,0.9477
3109,0.9477
3110,0.9477
3111,0.9477
3112,0.9477
3113,0.9477
3114,0.9477
3115,0.9477
3116,0.9477
3117,0.9477
3118,0.9477
3119,0.9477
3120,0.9477
3121,0.9477
3122,0.9477
3123,0.9477
3124,0.9477
3125,0.9477
3126,0.9477
3127,0.9477
3128,0.9477
3129,0.9477
3130,0.9477
3131,0.9477
3132,0.9477
3133,0.9477
3134,0.9477
3135,0.9477
3136,0.9477
3137,0.9477
3138,0.9477
3139,0.9477
3140,0.9477
3141,0.9477
3142,0.9477
3143,0.9477
3144,0.9477
3145,0.9477
3146,0.9477
3147,0.9477
3148,0.9477
3149,0.9477
3150,0.9477
3151,0.9477
3152,0.9477
3153,0.9477
3154,0.9477
3155,0.9477
3156,0.9477
3157,0.9477
3158,0.9477
3159,0.9477
3160,0.9477
3161,0.9477
3162,0.9477
3163,0.9477
3164,0.9477
3165,0.9477
3166,0.9477
3167,0.9477
3168,0.9477
3169,0.9477
3170,0.9477
3171,0.9477
3172,0.9477
3173,0.9477
3174,0.9477
3175,0.9477
3176,0.9477
3177,0.9477
3178,0.9477
3179,0.9477
3180,0.9477
3181,0.9477
3182,0.9477
3183,0.9477
3184,0.9477
3185,0.9477
3186,0.9477
3187,0.9477
3188,0.9477
3189,0.9477
3190,0.9477
3191,0.9477
3192,0.9477
3193,0.9477
3194,0.9477
3195,0.9477
3196,0.9477
3197,0.9477
3198,0.9477
3199,0.9477
3200,0.9477
3201,0.9477
3202,0.9477
3203,0.9477
3204,0.9477
3205,0.9477
3206,0.9477
3207,0.9477
3208,0.9477
3209,0.9477
3210,0.9477
3211,0.9477
3212,0.9477
3213,0.9477
3214,0.9477
3215,0.9477
3216,0.9477
3217,0.9477
3218,0.9477
3219,0.9477
3220,0.9477
3221,0.9477
3222,0.9477
3223,0.9477
3224,0.9477
3225,0.9477
3226,0.9477
3227,0.9477
3228,0.9477
3229,0.9477
3230,0.9477
3231,0.9477
3232,0.9477
3233,0.9477
3234,0.9477
3235,0.9477
3236,0.9477
3237,0.9477
3238,0.9477
3239,0.9477
3240,0.9477
3241,0.9477
3242,0.9477
3243,0.9477
3244,0.9477
3245,0.9477
3246,0.9477
3247,0.9477
3248,0.9477
3249,0.9477
3250,0.9477
3251,0.9477
3252,0.9477
3253,0.9477
3254,0.9477
3255,0.9477
3256,0.9477
3257,0.9477
3258,0.9477
3259,0.9477
3260,0.9477
3261,0.9477
3262,0.9477
3263,0.9477
3264,0.9477
3265,0.9477
3266,0.9477
3267,0.9477
3268,0.9477
3269,0.9477
3270,0.9477
3271,0.9477
3272,0.9477
3273,0.9477
3274,0.9477
3275,0.9477
3276,0.9477
3277,0.9477
3278,0.9477
3279,0.9477
3280,0.9477
3281,0.9477
3282,0.9477
3283,0.9477
3284,0.9477
3285,0.9477
3286,0.9477
3287,0.9477
3288,0.9477
3289,0.9477
3290,0.9477
3291,0.9477
3292,0.9477
3293,0.9477
3294,0.9477
3295,0.9477
3296,0.9477
3297,0.9477
3298,0.9477
3299,0.9477
3300,0.9477
3301,0.9477
3302,0.9477
3303,0.9477
3304,0.9477
3305,0.9477
3306,0.9477
3307,0.9477
3308,0.9477
3309,0.9477
3310,0.9477
3311,0.9477
3312,0.9477
3313,0.9477
3314,0.9477
3315,0.9477
3316,0.9477
3317,0.9477
3318,0.9477
3319,0.9477
3320,0.9477
3321,0.9477
3322,0.9477
3323,0.9477
3324,0.9477
3325,0.9477
3326,0.9477
3327,0.9477
3328,0.9477
3329,0.9477
3330,0.9477
3331,0.9477
3332,0.9477
3333,0.9477
3334,0.9477
3335,0.9477
3336,0.9477
3337,0.9477
3338,0.9477
3339,0.9477
3340,0.9477
3341,0.9477
3342,0.9477
3343,0.9477
3344,0.9477
3345,0.9477
3346,0.9477
3347,0.9477
3348,0.9477
3349,0.9477
3350,0.9477
3351,0.9477
3352,0.9477
3353,0.9477
3354,0.9477
3355,0.9477
3356,0.9477
3357,0.9477
3358,0.9477
3359,0.9477
3360,0.9477
3361,0.9477
3362,0.9477
3363,0.9477
3364,0.9477
3365,0.9477
3366,0.9477
3367,0.9477
3368,0.9477
3369,0.9477
3370,0.9477
3371,0.9477
3372,0.9477
3373,0.9477
3374,0.9477
3375,0.9477
3376,0.9477
3377,0.9477
3378,0.9477
3379,0.9477
3380,0.9477
3381,0.9477
3382,0.9477
3383,0.9477
3384,0.9477
3385,0.9477
3386,0.9477
3387,0.9477
3388,0.9477
3389,0.9477
3390,0.9477
3391,0.9477
3392,0.9477
3393,0.9477
3394,0.9477
3395,0.9477
3396,0.9477
3397,0.9477
3398,0.9477
3399,0.9477
3400,0.9477
3401,0.9477
3402,0.9477
3403,0.9477
3404,0.9477
3405,0.9477
3406,0.9477
3407,0.9477
3408,0.9477
3409,0.9477
3410,0.9477
3411,0.9477
3412,0.9477
3413,0.9477
3414,0.9477
3415,0.9477
3416,0.9477
3417,0.9477
3418,0.9477
3419,0.9477
3420,0.9477
3421,0.9477
3422,0.9477
3423,0.9477
3424,0.9477
3425,0.9477
3426,0.9477
3427,0.9477
3428,0.9477
3429,0.9477
3430,0.9477
3431,0.9477
3432,0.9477
3433,0.9477
3434,0.9477
3435,0.9477
3436,0.9477
3437,0.9477
3438,0.9477
3439,0.9477
3440,0.9477
3441,0.9477
3442,0.9477
3443,0.9477
3444,0.9477
3445,0.9477
3446,0.9477
3447,0.9477
3448,0.9477
3449,0.9477
3450,0.9477
3451,0.9477
3452,0.9477
3453,0.9477
3454,0.9477
3455,0.9477
3456,0.9477
3457,0.9477
3458,0.9477
3459,0.9477
3460,0.9477
3461,0.9477
3462,0.9477
3463,0.9477
3464,0.9477
3465,0.9477
3466,0.9477
3467,0.9477
3468,0.9477
3469,0.9477
3470,0.9477
3471,0.9477
3472,0.9477
3473,0.9477
3474,0.9477
3475,0.9477
3476,0.9477
3477,0.9477
3478,0.9477
3479,0.9477
3480,0.9477
3481,0.9477
3482,0.9477
3483,0.9477
3484,0.9477
3485,0.9477
3486,0.9477
3487,0.9477
3488,0.9477
3489,0.9477
3490,0.9477
3491,0.9477
3492,0.9477
3493,0.9477
3494,0.9477
3495,0.9477
3496,0.9477
3497,0.9477
3498,0.9477
3499,0.9477
3500,0.9477
3501,0.9477
3502,0.9477
3503,0.9477
3504,0.9477
3505,0.9477
3506,0.9477
3507,0.9477
3508,0.9477
3509,0.9477
3510,0.9477
3511,0.9477
3512,0.9477
3513,0.9477
3514,0.9477
3515,0.9477
3516,0.9477
3517,0.9477
3518,0.9477
3519,0.9477
3520,0.9477
3521,0.9477
3522,0.9477
3523,0.9477
3524,0.9477
3525,0.9477
3526,0.9477
3527,0.9477
3528,0.9477
3529,0.9477
3530,0.9477
3531,0.9477
3532,0.9477
3533,0.9477
3534,0.9477
3535,0.9477
3536,0.9477
3537,0.9477
3538,0.9477
3539,0.9477
3540,0.9477
3541,0.9477
3542,0.9477
3543,0.9477
3544,0.9477
3545,0.9477
3546,0.9477
3547,0.9477
3548,0.9477
3549,0.9477
3550,0.9477
3551,0.9477
3552,0.9477
3553,0.9477
3554,0.9477
3555,0.9477
3556,0.9477
3557,0.9477
3558,0.9477
3559,0.9477
3560,0.9477
3561,0.9477
3562,0.9477
3563,0.9477
3564,0.9477
3565,0.9477
3566,0.9477
3567,0.9477
3568,0.9477
3569,0.9477
3570,0.9477
3571,0.9477
3572,0.9477
3573,0.9477
3574,0.9477
3575,0.9477
3576,0.9477
3577,0.9477
3578,0.9477
3579,0.9477
3580,0.9477
3581,0.9477
3582,0.9477
3583,0.9477
3584,0.9477
3585,0.9477
3586,0.9477
3587,0.9477
3588,0.9477
3589,0.9477
3590,0.9477
3591,0.9477
3592,0.9477
3593,0.9477
3594,0.9477
3595,0.9477
3596,0.9477
3597,0.9477
3598,0.9477
3599,0.9477
3600,0.9477
3601,0.9477
3602,0.9477
3603,0.9477
3604,0.9477
3605,0.9477
3606,0.9477
3607,0.9477
3608,0.9477
3609,0.9477
3610,0.9477
3611,0.9477
3612,0.9477
3613,0.9477
3614,0.9477
3615,0.9477
3616,0.9477
3617,0.9477
3618,0.9477
3619,0.9477
3620,0.9477
3621,0.9477
3622,0.9477
3623,0.9477
3624,0.9477
3625,0.9477
3626,0.9477
3627,0.9477
3628,0.9477
3629,0.9477
3630,0.9477
3631,0.9477
3632,0.9477
3633,0.9477
3634,0.9477
3635,0.9477
3636,0.9477
3637,0.9477
3638,0.9477
3639,0.9477
3640,0.9477
3641,0.9477
3642,0.9477
3643,0.9477
3644,0.9477
3645,0.9477
3646,0.9477
3647,0.9477
3648,0.9477
3649,0.9477
3650,0.9477
3651,0.9477
3652,0.9477
3653,0.9477
3654,0.9477
3655,0.9477
3656,0.9477
3657,0.9477
3658,0.9477
3659,0.9477
3660,0.9477
3661,0.9477
3662,0.9477
3663,0.9477
3664,0.9477
3665,0.9477
3666,0.9477
3667,0.9477
3668,0.9477
3669,0.9477
3670,0.9477
3671,0.9477
3672,0.9477
3673,0.9477
3674,0.9477
3675,0.9477
3676,0.9477
3677,0.9477
3678,0.9477
3679,0.9477
3680,0.9477
3681,0.9477
3682,0.9477
3683,0.9477
3684,0.9477
3685,0.9477
3686,0.9477
3687,0.9477
3688,0.9477
3689,0.9477
3690,0.9477
3691,0.9477
3692,0.9477
3693,0.9477
3694,0.9477
3695,0.9477
3696,0.9477
3697,0.9477
3698,0.9477
3699,0.9477
3700,0.9477
3701,0.9477
3702,0.9477
3703,0.9477
3704,0.9477
3705,0.9477
3706,0.9477
3707,0.9477
3708,0.9477
3709,0.9477
3710,0.9477
3711,0.9477
3712,0.9477
3713,0.9477
3714,0.9477
3715,0.9477
3716,0.9477
3717,0.9477
3718,0.9477
3719,0.9477
3720,0.9477
3721,0.9477
3722,0.9477
3723,0.9477
3724,0.9477
3725,0.9477
3726,0.9477
3727,0.9477
3728,0.9477
3729,0.9477
3730,0.9477
3731,0.9477
3732,0.9477
3733,0.9477
3734,0.9477
3735,0.9477
3736,0.9477
3737,0.9477
3738,0.9477
3739,0.9477
3740,0.9477
3741,0.9477
3742,0.9477
3743,0.9477
3744,0.9477
3745,0.9477
3746,0.9477
3747,0.9477
3748,0.9477
3749,0.9477
3750,0.9477
3751,0.9477
3752,0.9477
3753,0.9477
3754,0.9477
3755,0.9477
3756,0.9477
3757,0.9477
3758,0.9477
3759,0.9477
3760,0.9477
3761,0.9477
3762,0.9477
3763,0.9477
3764,0.9477
3765,0.9477
3766,0.9477
3767,0.9477
3768,0.9477
3769,0.9477
3770,0.9477
3771,0.9477
3772,0.9477
3773,0.9477
3774,0.9477
3775,0.9477
3776,0.9477
3777,0.9477
3778,0.9477
3779,0.9477
3780,0.9477
3781,0.9477
3782,0.9477
3783,0.9477
3784,0.9477
3785,0.9477
3786,0.9477
3787,0.9477
3788,0.9477
3789,0.9477
3790,0.9477
3791,0.9477
3792,0.9477
3793,0.9477
3794,0.9477
3795,0.9477
3796,0.9477
3797,0.9477
3798,0.9477
3799,0.9477
3800,0.9477
3801,0.9477
3802,0.9477
3803,0.9477
3804,0.9477
3805,0.9477
3806,0.9477
3807,0.9477
3808,0.9477
3809,0.9477
3810,0.9477
3811,0.9477
3812,0.9477
3813,0.9477
3814,0.9477
3815,0.9477
3816,0.9477
3817,0.9477
3818,0.9477
3819,0.9477
3820,0.9477
3821,0.9477
3822,0.9477
3823,0.9477
3824,0.9477
3825,0.9477
3826,0.9477
3827,0.9477
3828,0.9477
3829,0.9477
3830,0.9477
3831,0.9477
3832,0.9477
3833,0.9477
3834,0.9477
3835,0.9477
3836,0.9477
3837,0.9477
3838,0.9477
3839,0.9477
3840,0.9477
3841,0.9477
3842,0.9477
3843,0.9477
3844,0.9477
3845,0.9477
3846,0.9477
3847,0.9477
3848,0.9477
3849,0.9477
3850,0.9477
3851,0.9477
3852,0.9477
3853,0.9477
3854,0.9477
3855,0.9477
3856,0.9477
3857,0.9477
3858,0.9477
3859,0.9477
3860,0.9477
3861,0.9477
3862,0.9477
3863,0.9477
3864,0.9477
3865,0.9477
3866,0.9477
3867,0.9477
3868,0.9477
3869,0.9477
3870,0.9477
3871,0.9477
3872,0.9477
3873,0.9477
3874,0.9477
3875,0.9477
3876,0.9477
3877,0.9477
3878,0.9477
3879,0.9477
3880,0.9477
3881,0.9477
3882,0.9477
3883,0.9477
3884,0.9477
3885,0.9477
3886,0.9477
3887,0.9477
3888,0.9477
3889,0.9477
3890,0.9477
3891,0.9477
3892,0.9477
3893,0.9477
3894,0.9477
3895,0.9477
3896,0.9477
3897,0.9477
3898,0.9477
3899,0.9477
3900,0.9477
3901,0.9477
3902,0.9477
3903,0.9477
3904,0.9477
3905,0.9477
3906,0.9477
3907,0.9477
3908,0.9477
3909,0.9477
3910,0.9477
3911,0.9477
3912,0.9477
3913,0.9477
3914,0.9477
3915,0.9477
3916,0.9477
3917,0.9477
3918,0.9477
3919,0.9477
3920,0.9477
3921,0.9477
3922,0.9477
3923,0.9477
3924,0.9477
3925,0.9477
3926,0.9477
3927,0.9477
3928,0.9477
3929,0.9477
3930,0.9477
3931,0.9477
3932,0.9477
3933,0.9477
3934,0.9477
3935,0.9477
3936,0.9477
3937,0.9477
3938,0.9477
3939,0.9477
3940,0.9477
3941,0.9477
3942,0.9477
3943,0.9477
3944,0.9477
3945,0.9477
3946,0.9477
3947,0.9477
3948,0.9477
3949,0.9477
3950,0.9477
3951,0.9477
3952,0.9477
3953,0.9477
3954,0.9477
3955,0.9477
3956,0.9477
3957,0.9477
3958,0.9477
3959,0.9477
3960,0.9477
3961,0.9477
3962,0.9477
3963,0.9477
3964,0.9477
3965,0.9477
3966,0.9477
3967,0.9477
3968,0.9477
3969,0.9477
3970,0.9477
3971,0.9477
3972,0.9477
3973,0.9477
3974,0.9477
3975,0.9477
3976,0.9477
3977,0.9477
3978,0.9477
3979,0.9477
3980,0.9477
3981,0.9477
3982,0.9477
3983,0.9477
3984,0.9477
3985,0.9477
3986,0.9477
3987,0.9477
3988,0.9477
3989,0.9477
3990,0.9477
3991,0.9477
3992,0.9477
3993,0.9477
3994,0.9477
3995,0.9477
3996,0.9477
3997,0.9477
3998,0.9477
3999,0.9477
4000,0.9477
4001,0.9477
4002,0.9477
4003,0.9477
4004,0.9477
4005,0.9477
4006,0.9477
4007,0.9477
4008,0.9477
4009,0.9477
4010,0.9477
4011,0.9477
4012,0.9477
4013,0.9477
4014,0.9477
4015,0.9477
4016,0.9477
4017,0.9477
4018,0.9477
4019,0.9477
4020,0.9477
4021,0.9477
4022,0.9477
4023,0.9477
4024,0.9477
4025,0.9477
4026,0.9477
4027,0.9477
4028,0.9477
4029,0.9477
4030,0.9477
4031,0.9477
4032,0.9477
4033,0.9477
4034,0.9477
4035,0.9477
4036,0.9477
4037,0.9477
4038,0.9477
4039,0.9477
4040,0.9477
4041,0.9477
4042,0.9477
4043,0.9477
4044,0.9477
4045,0.9477
4046,0.9477
4047,0.9477
4048,0.9477
4049,0.9477
4050,0.9477
4051,0.9477
4052,0.9477
4053,0.9477
4054,0.9477
4055,0.9477
4056,0.9477
4057,0.9477
4058,0.9477
4059,0.9477
4060,0.9477
4061,0.9477
4062,0.9477
4063,0.9477
4064,0.9477
4065,0.9477
4066,0.9477
4067,0.9477
4068,0.9477
4069,0.9477
4070,0.9477
4071,0.9477
4072,0.9477
4073,0.9477
4074,0.9477
4075,0.9477
4076,0.9477
4077,0.9477
4078,0.9477
4079,0.9477
4080,0.9477
4081,0.9477
4082,0.9477
4083,0.9477
4084,0.9477
4085,0.9477
4086,0.9477
4087,0.9477
4088,0.9477
4089,0.9477
4090,0.9477
4091,0.9477
4092,0.9477
4093,0.9477
4094,0.9477
4095,0.9477
4096,0.9477
4097,0.9477
4098,0.9477
4099,0.9477
4100,0.9477
4101,0.9477
4102,0.9477
4103,0.9477
4104,0.9477
4105,0.9477
4106,0.9477
4107,0.9477
4108,0.9477
4109,0.9477
4110,0.9477
4111,0.9477
4112,0.9477
4113,0.9477
4114,0.9477
4115,0.9477
4116,0.9477
4117,0.9477
4118,0.9477
4119,0.9477
4120,0.9477
4121,0.9477
4122,0.9477
4123,0.9477
4124,0.9477
4125,0.9477
4126,0.9477
4127,0.9477
4128,0.9477
4129,0.9477
4130,0.9477
4131,0.9477
4132,0.9477
4133,0.9477
4134,0.9477
4135,0.9477
4136,0.9477
4137,0.9477
4138,0.9477
4139,0.9477
4140,0.9477
4141,0.9477
4142,0.9477
4143,0.9477
4144,0.9477
4145,0.9477
4146,0.9477
4147,0.9477
4148,0.9477
4149,0.9477
4150,0.9477
4151,0.9477
4152,0.9477
4153,0.9477
4154,0.9477
4155,0.9477
4156,0.9477
4157,0.9477
4158,0.9477
4159,0.9477
4160,0.9477
4161,0.9477
4162,0.9477
4163,0.9477
4164,0.9477
4165,0.9477
4166,0.9477
4167,0.9477
4168,0.9477
4169,0.9477
4170,0.9477
4171,0.9477
4172,0.9477
4173,0.9477
4174,0.9477
4175,0.9477
4176,0.9477
4177,0.9477
4178,0.9477
4179,0.9477
4180,0.9477
4181,0.9477
4182,0.9477
4183,0.9477
4184,0.9477
4185,0.9477
4186,0.9477
4187,0.9477
4188,0.9477
4189,0.9477
4190,0.9477
4191,0.9477
4192,0.9477
4193,0.9477
4194,0.9477
4195,0.9477
4196,0.9477
4197,0.9477
4198,0.9477
4199,0.9477
4200,0.9477
4201,0.9477
4202,0.9477
4203,0.9477
4204,0.9477
4205,0.9477
4206,0.9477
4207,0.9477
4208,0.9477
4209,0.9477
4210,0.9477
4211,0.9477
4212,0.9477
4213,0.9477
4214,0.9477
4215,0.9477
4216,0.9477
4217,0.9477
4218,0.9477
4219,0.9477
4220,0.9477
4221,0.9477
4222,0.9477
4223,0.9477
4224,0.9477
4225,0.9477
4226,0.9477
4227,0.9477
4228,0.9477
4229,0.9477
4230,0.9477
4231,0.9477
4232,0.9477
4233,0.9477
4234,0.9477
4235,0.9477
4236,0.9477
4237,0.9477
4238,0.9477
4239,0.9477
4240,0.9477
4241,0.9477
4242,0.9477
4243,0.9477
4244,0.9477
4245,0.9477
4246,0.9477
4247,0.9477
4248,0.9477
4249,0.9477
4250,0.9477
4251,0.9477
4252,0.9477
4253,0.9477
4254,0.9477
4255,0.9477
4256,0.9477
4257,0.9477
4258,0.9477
4259,0.9477
4260,0.9477
4261,0.9477
4262,0.9477
4263,0.9477
4264,0.9477
4265,0.9477
4266,0.9477
4267,0.9477
4268,0.9477
4269,0.9477
4270,0.9477
4271,0.9477
4272,0.9477
4273,0.9477
4274,0.9477
4275,0.9477
4276,0.9477
4277,0.9477
4278,0.9477
4279,0.9477
4280,0.9477
4281,0.9477
4282,0.9477
4283,0.9477
4284,0.9477
4285,0.9477
4286,0.9477
4287,0.9477
4288,0.9477
4289,0.9477
4290,0.9477
4291,0.9477
4292,0.9477
4293,0.9477
4294,0.9477
4295,0.9477
4296,0.9477
4297,0.9477
4298,0.9477
4299,0.9477
4300,0.9477
4301,0.9477
4302,0.9477
4303,0.9477
4304,0.9477
4305,0.9477
4306,0.9477
4307,0.9477
4308,0.9477
4309,0.9477
4310,0.9477
4311,0.9477
4312,0.9477
4313,0.9477
4314,0.9477
4315,0.9477
4316,0.9477
4317,0.9477
4318,0.9477
4319,0.9477
4320,0.9477
4321,0.9477
4322,0.9477
4323,0.9477
4324,0.9477
4325,0.9477
4326,0.9477
4327,0.9477
4328,0.9477
4329,0.9477
4330,0.9477
4331,0.9477
4332,0.9477
4333,0.9477
4334,0.9477
4335,0.9477
4336,0.9477
4337,0.9477
4338,0.9477
4339,0.9477
4340,0.9477
4341,0.9477
4342,0.9477
4343,0.9477
4344,0.9477
4345,0.9477
4346,0.9477
4347,0.9477
4348,0.9477
4349,0.9477
4350,0.9477
4351,0.9477
4352,0.9477
4353,0.9477
4354,0.9477
4355,0.9477
4356,0.9477
4357,0.9477
4358,0.9477
4359,0.9477
4360,0.9477
4361,0.9477
4362,0.9477
4363,0.9477
4364,0.9477
4365,0.9477
4366,0.9477
4367,0.9477
4368,0.9477
4369,0.9477
4370,0.9477
4371,0.9477
4372,0.9477
4373,0.9477
4374,0.9477
4375,0.9477
4376,0.9477
4377,0.9477
4378,0.9477
4379,0.9477
4380,0.9477
4381,0.9477
4382,0.9477
4383,0.9477
4384,0.9477
4385,0.9477
4386,0.9477
4387,0.9477
4388,0.9477
4389,0.9477
4390,0.9477
4391,0.9477
4392,0.9477
4393,0.9477
4394,0.9477
4395,0.9477
4396,0.9477
4397,0.9477
4398,0.9477
4399,0.9477
4400,0.9477
4401,0.9477
4402,0.9477
4403,0.9477
4404,0.9477
4405,0.9477
4406,0.9477
4407,0.9477
4408,0.9477
4409,0.9477
4410,0.9477
4411,0.9477
4412,0.9477
4413,0.9477
4414,0.9477
4415,0.9477
4416,0.9477
4417,0.9477
4418,0.9477
4419,0.9477
4420,0.9477
4421,0.9477
4422,0.9477
4423,0.9477
4424,0.9477
4425,0.9477
4426,0.9477
4427,0.9477
4428,0.9477
4429,0.9477
4430,0.9477
4431,0.9477
4432,0.9477
4433,0.9477
4434,0.9477
4435,0.9477
4436,0.9477
4437,0.9477
4438,0.9477
4439,0.9477
4440,0.9477
4441,0.9477
4442,0.9477
4443,0.9477
4444,0.9477
4445,0.9477
4446,0.9477
4447,0.9477
4448,0.9477
4449,0.9477
4450,0.9477
4451,0.9477
4452,0.9477
4453,0.9477
4454,0.9477
4455,0.9477
4456,0.9477
4457,0.9477
4458,0.9477
4459,0.9477
4460,0.9477
4461,0.9477
4462,0.9477
4463,0.9477
4464,0.9477
4465,0.9477
4466,0.9477
4467,0.9477
4468,0.9477
4469,0.9477
4470,0.9477
4471,0.9477
4472,0.9477
4473,0.9477
4474,0.9477
4475,0.9477
4476,0.9477
4477,0.9477
4478,0.9477
4479,0.9477
4480,0.9477
4481,0.9477
4482,0.9477
4483,0.9477
4484,0.9477
4485,0.9477
4486,0.9477
4487,0.9477
4488,0.9477
4489,0.9477
4490,0.9477
4491,0.9477
4492,0.9477
4493,0.9477
4494,0.9477
4495,0.9477
4496,0.9477
4497,0.9477
4498,0.9477
4499,0.9477
4500,0.9477
4501,0.9477
4502,0.9477
4503,0.9477
4504,0.9477
4505,0.9477
4506,0.9477
4507,0.9477
4508,0.9477
4509,0.9477
4510,0.9477
4511,0.9477
4512,0.9477
4513,0.9477
4514,0.9477
4515,0.9477
4516,0.9477
4517,0.9477
4518,0.9477
4519,0.9477
4520,0.9477
4521,0.9477
4522,0.9477
4523,0.9477
4524,0.9477
4525,0.9477
4526,0.9477
4527,0.9477
4528,0.9477
4529,0.9477
4530,0.9477
4531,0.9477
4532,0.9477
4533,0.9477
4534,0.9477
4535,0.9477
4536,0.9477
4537,0.9477
4538,0.9477
4539,0.9477
4540,0.9477
4541,0.9477
4542,0.9477
4543,0.9477
4544,0.9477
4545,0.9477
4546,0.9477
4547,0.9477
4548,0.9477
4549,0.9477
4550,0.9477
4551,0.9477
4552,0.9477
4553,0.9477
4554,0.9477
4555,0.9477
4556,0.9477
4557,0.9477
4558,0.9477
4559,0.9477
4560,0.9477
4561,0.9477
4562,0.9477
4563,0.9477
4564,0.9477
4565,0.9477
4566,0.9477
4567,0.9477
4568,0.9477
4569,0.9477
4570,0.9477
4571,0.9477
4572,0.9477
4573,0.9477
4574,0.9477
4575,0.9477
4576,0.9477
4577,0.9477
4578,0.9477
4579,0.9477
4580,0.9477
4581,0.9477
4582,0.9477
4583,0.9477
4584,0.9477
4585,0.9477
4586,0.9477
4587,0.9477
4588,0.9477
4589,0.9477
4590,0.9477
4591,0.9477
4592,0.9477
4593,0.9477
4594,0.9477
4595,0.9477
4596,0.9477
4597,0.9477
4598,0.9477
4599,0.9477
4600,0.9477
4601,0.9477
4602,0.9477
4603,0.9477
4604,0.9477
4605,0.9477
4606,0.9477
4607,0.9477
4608,0.9477
4609,0.9477
4610,0.9477
4611,0.9477
4612,0.9477
4613,0.9477
4614,0.9477
4615,0.9477
4616,0.9477
4617,0.9477
4618,0.9477
4619,0.9477
4620,0.9477
4621,0.9477
4622,0.9477
4623,0.9477
4624,0.9477
4625,0.9477
4626,0.9477
4627,0.9477
4628,0.9477
4629,0.9477
4630,0.9477
4631,0.9477
4632,0.9477
4633,0.9477
4634,0.9477
4635,0.9477
4636,0.9477
4637,0.9477
4638,0.9477
4639,0.9477
4640,0.9477
4641,0.9477
4642,0.9477
4643,0.9477
4644,0.9477
4645,0.9477
4646,0.9477
4647,0.9477
4648,0.9477
4649,0.9477
4650,0.9477
4651,0.9477
4652,0.9477
4653,0.9477
4654,0.9477
4655,0.9477
4656,0.9477
4657,0.9477
4658,0.9477
4659,0.9477
4660,0.9477
4661,0.9477
4662,0.9477
4663,0.9477
4664,0.9477
4665,0.9477
4666,0.9477
4667,0.9477
4668,0.9477
4669,0.9477
4670,0.9477
4671,0.9477
4672,0.9477
4673,0.9477
4674,0.9477
4675,0.9477
4676,0.9477
4677,0.9477
4678,0.9477
4679,0.9477
4680,0.9477
4681,0.9477
4682,0.9477
4683,0.9477
4684,0.9477
4685,0.9477
4686,0.9477
4687,0.9477
4688,0.9477
4689,0.9477
4690,0.9477
4691,0.9477
4692,0.9477
4693,0.9477
4694,0.9477
4695,0.9477
4696,0.9477
4697,0.9477
4698,0.9477
4699,0.9477
4700,0.9477
4701,0.9477
4702,0.9477
4703,0.9477
4704,0.9477
4705,0.9477
4706,0.9477
4707,0.9477
4708,0.9477
4709,0.9477
4710,0.9477
4711,0.9477
4712,0.9477
4713,0.9477
4714,0.9477
4715,0.9477
4716,0.9477
4717,0.9477
4718,0.9477
4719,0.9477
4720,0.9477
4721,0.9477
4722,0.9477
4723,0.9477
4724,0.9477
4725,0.9477
4726,0.9477
4727,0.9477
4728,0.9477
4729,0.9477
4730,0.9477
4731,0.9477
4732,0.9477
4733,0.9477
4734,0.9477
4735,0.9477
4736,0.9477
4737,0.9477
4738,0.9477
4739,0.9477
4740,0.9477
4741,0.9477
4742,0.9477
4743,0.9477
4744,0.9477
4745,0.9477
4746,0.9477
4747,0.9477
4748,0.9477
4749,0.9477
4750,0.9477
4751,0.9477
4752,0.9477
4753,0.9477
4754,0.9477
4755,0.9477
4756,0.9477
4757,0.9477
4758,0.9477
4759,0.9477
4760,0.9477
4761,0.9477
4762,0.9477
4763,0.9477
4764,0.9477
4765,0.9477
4766,0.9477
4767,0.9477
4768,0.9477
4769,0.9477
4770,0.9477
4771,0.9477
4772,0.9477
4773,0.9477
4774,0.9477
4775,0.9477
4776,0.9477
4777,0.9477
4778,0.9477
4779,0.9477
4780,0.9477
4781,0.9477
4782,0.9477
4783,0.9477
4784,0.9477
4785,0.9477
4786,0.9477
4787,0.9477
4788,0.9477
4789,0.9477
4790,0.9477
4791,0.9477
4792,0.9477
4793,0.9477
4794,0.9477
4795,0.9477
4796,0.9477
4797,0.9477
4798,0.9477
4799,0.9477
4800,0.9477
4801,0.9477
4802,0.9477
4803,0.9477
4804,0.9477
4805,0.9477
4806,0.9477
4807,0.9477
4808,0.9477
4809,0.9477
4810,0.9477
4811,0.9477
4812,0.9477
4813,0.9477
4814,0.9477
4815,0.9477
4816,0.9477
4817,0.9477
4818,0.9477
4819,0.9477
4820,0.9477
4821,0.9477
4822,0.9477
4823,0.9477
4824,0.9477
4825,0.9477
4826,0.9477
4827,0.9477
4828,0.9477
4829,0.9477
4830,0.9477
4831,0.9477
4832,0.9477
4833,0.9477
4834,0.9477
4835,0.9477
4836,0.9477
4837,0.9477
4838,0.9477
4839,0.9477
4840,0.9477
4841,0.9477
4842,0.9477
4843,0.9477
4844,0.9477
4845,0.9477
4846,0.9477
4847,0.9477
4848,0.9477
4849,0.9477
4850,0.9477
4851,0.9477
4852,0.9477
4853,0.9477
4854,0.9477
4855,0.9477
4856,0.9477
4857,0.9477
4858,0.9477
4859,0.9477
4860,0.9477
4861,0.9477
4862,0.9477
4863,0.9477
4864,0.9477
4865,0.9477
4866,0.9477
4867,0.9477
4868,0.9477
4869,0.9477
4870,0.9477
4871,0.9477
4872,0.9477
4873,0.9477
4874,0.9477
4875,0.9477
4876,0.9477
4877,0.9477
4878,0.9477
4879,0.9477
4880,0.9477
4881,0.9477
4882,0.9477
4883,0.9477
4884,0.9477
4885,0.9477
4886,0.9477
4887,0.9477
4888,0.9477
4889,0.9477
4890,0.9477
4891,0.9477
4892,0.9477
4893,0.9477
4894,0.9477
4895,0.9477
4896,0.9477
4897,0.9477
4898,0.9477
4899,0.9477
4900,0.9477
4901,0.9477
4902,0.9477
4903,0.9477
4904,0.9477
4905,0.9477
4906,0.9477
4907,0.9477
4908,0.9477
4909,0.9477
4910,0.9477
4911,0.9477
4912,0.9477
4913,0.9477
4914,0.9477
4915,0.9477
4916,0.9477
4917,0.9477
4918,0.9477
4919,0.9477
4920,0.9477
4921,0.9477
4922,0.9477
4923,0.9477
4924,0.9477
4925,0.9477
4926,0.9477
4927,0.9477
4928,0.9477
4929,0.9477
4930,0.9477
4931,0.9477
4932,0.9477
4933,0.9477
4934,0.9477
4935,0.9477
4936,0.9477
4937,0.9477
4938,0.9477
4939,0.9477
4940,0.9477
4941,0.9477
4942,0.9477
4943,0.9477
4944,0.9477
4945,0.9477
4946,0.9477
4947,0.9477
4948,0.9477
4949,0.9477
4950,0.9477
4951,0.9477
4952,0.9477
4953,0.9477
4954,0.9477
4955,0.9477
4956,0.9477
4957,0.9477
4958,0.9477
4959,0.9477
4960,0.9477
4961,0.9477
4962,0.9477
4963,0.9477
4964,0.9477
4965,0.9477
4966,0.9477
4967,0.9477
4968,0.9477
4969,0.9477
4970,0.9477
4971,0.9477
4972,0.9477
4973,0.9477
4974,0.9477
4975,0.9477
4976,0.9477
4977,0.9477
4978,0.9477
4979,0.9477
4980,0.9477
4981,0.9477
4982,0.9477
4983,0.9477
4984,0.9477
4985,0.9477
4986,0.9477
4987,0.9477
4988,0.9477
4989,0.9477
4990,0.9477
4991,0.9477
4992,0.9477
4993,0.9477
4994,0.9477
4995,0.9477
4996,0.9477
4997,0.9477
4998,0.9477
4999,0.9477
5000,0.9477
5001,0.9477
5002,0.9477
5003,0.9477
5004,0.9477
5005,0.9477
5006,0.9477
5007,0.9477
5008,0.9477
5009,0.9477
5010,0.9477
5011,0.9477
5012,0.9477
5013,0.9477
5014,0.9477
5015,0.9477
5016,0.9477
5017,0.9477
5018,0.9477
5019,0.9477
5020,0.9477
5021,0.9477
5022,0.9477
5023,0.9477
5024,0.9477
5025,0.9477
5026,0.9477
5027,0.9477
5028,0.9477
5029,0.9477
5030,0.9477
5031,0.9477
5032,0.9477
5033,0.9477
5034,0.9477
5035,0.9477
5036,0.9477
5037,0.9477
5038,0.9477
5039,0.9477
5040,0.9477
5041,0.9477
5042,0.9477
5043,0.9477
5044,0.9477
5045,0.9477
5046,0.9477
5047,0.9477
5048,0.9477
5049,0.9477
5050,0.9477
5051,0.9477
5052,0.9477
5053,0.9477
5054,0.9477
5055,0.9477
5056,0.9477
5057,0.9477
5058,0.9477
5059,0.9477
5060,0.9477
5061,0.9477
5062,0.9477
5063,0.9477
5064,0.9477
5065,0.9477
5066,0.9477
5067,0.9477
5068,0.9477
5069,0.9477
5070,0.9477
5071,0.9477
5072,0.9477
5073,0.9477
5074,0.9477
5075,0.9477
5076,0.9477
5077,0.9477
5078,0.9477
5079,0.9477
5080,0.9477
5081,0.9477
5082,0.9477
5083,0.9477
5084,0.9477
5085,0.9477
5086,0.9477
5087,0.9477
5088,0.9477
5089,0.9477
5090,0.9477
5091,0.9477
5092,0.9477
5093,0.9477
5094,0.9477
5095,0.9477
5096,0.9477
5097,0.9477
5098,0.9477
5099,0.9477
5100,0.9477
5101,0.9477
5102,0.9477
5103,0.9477
5104,0.9477
5105,0.9477
5106,0.9477
5107,0.9477
5108,0.9477
5109,0.9477
5110,0.9477
5111,0.9477
5112,0.9477
5113,0.9477
5114,0.9477
5115,0.9477
5116,0.9477
5117,0.9477
5118,0.9477
5119,0.9477
5120,0.9477
5121,0.9477
5122,0.9477
5123,0.9477
5124,0.9477
5125,0.9477
5126,0.9477
5127,0.9477
5128,0.9477
5129,0.9477
5130,0.9477
5131,0.9477
5132,0.9477
5133,0.9477
5134,0.9477
5135,0.9477
5136,0.9477
5137,0.9477
5138,0.9477
5139,0.9477
5140,0.9477
5141,0.9477
5142,0.9477
5143,0.9477
5144,0.9477
5145,0.9477
5146,0.9477
5147,0.9477
5148,0.9477
5149,0.9477
5150,0.9477
5151,0.9477
5152,0.9477
5153,0.9477
5154,0.9477
5155,0.9477
5156,0.9477
5157,0.9477
5158,0.9477
5159,0.9477
5160,0.9477
5161,0.9477
5162,0.9477
5163,0.9477
5164,0.9477
5165,0.9477
5166,0.9477
5167,0.9477
5168,0.9477
5169,0.9477
5170,0.9477
5171,0.9477
5172,0.9477
5173,0.9477
5174,0.9477
5175,0.9477
5176,0.9477
5177,0.9477
5178,0.9477
5179,0.9477
5180,0.9477
5181,0.9477
5182,0.9477
5183,0.9477
5184,0.9477
5185,0.9477
5186,0.9477
5187,0.9477
5188,0.9477
5189,0.9477
5190,0.9477
5191,0.9477
5192,0.9477
5193,0.9477
5194,0.9477
5195,0.9477
5196,0.9477
5197,0.9477
5198,0.9477
5199,0.9477
5200,0.9477
5201,0.9477
5202,0.9477
5203,0.9477
5204,0.9477
5205,0.9477
5206,0.9477
5207,0.9477
5208,0.9477
5209,0.9477
5210,0.9477
5211,0.9477
5212,0.9477
5213,0.9477
5214,0.9477
5215,0.9477
5216,0.9477
5217,0.9477
5218,0.9477
5219,0.9477
5220,0.9477
5221,0.9477
5222,0.9477
5223,0.9477
5224,0.9477
5225,0.9477
5226,0.9477
5227,0.9477
5228,0.9477
5229,0.9477
5230,0.9477
5231,0.9477
5232,0.9477
5233,0.9477
5234,0.9477
5235,0.9477
5236,0.9477
5237,0.9477
5238,0.9477
5239,0.9477
5240,0.9477
5241,0.9477
5242,0.9477
5243,0.9477
5244,0.9477
5245,0.9477
5246,0.9477
5247,0.9477
5248,0.9477
5249,0.9477
5250,0.9477
5251,0.9477
5252,0.9477
5253,0.9477
5254,0.9477
5255,0.9477
5256,0.9477
5257,0.9477
5258,0.9477
5259,0.9477
5260,0.9477
5261,0.9477
5262,0.9477
5263,0.9477
5264,0.9477
5265,0.9477
5266,0.9477
5267,0.9477
5268,0.9477
5269,0.9477
5270,0.9477
5271,0.9477
5272,0.9477
5273,0.9477
5274,0.9477
5275,0.9477
5276,0.9477
5277,0.9477
5278,0.9477
5279,0.9477
5280,0.9477
5281,0.9477
5282,0.9477
5283,0.9477
5284,0.9477
5285,0.9477
5286,0.9477
5287,0.9477
5288,0.9477
5289,0.9477
5290,0.9477
5291,0.9477
5292,0.9477
5293,0.9477
5294,0.9477
5295,0.9477
5296,0.9477
5297,0.9477
5298,0.9477
5299,0.9477
5300,0.9477
5301,0.9477
5302,0.9477
5303,0.9477
5304,0.9477
5305,0.9477
5306,0.9477
5307,0.9477
5308,0.9477
5309,0.9477
5310,0.9477
5311,0.9477
5312,0.9477
5313,0.9477
5314,0.9477
5315,0.9477
5316,0.9477
5317,0.9477
5318,0.9477
5319,0.9477
5320,0.9477
5321,0.9477
5322,0.9477
5323,0.9477
5324,0.9477
5325,0.9477
5326,0.9477
5327,0.9477
5328,0.9477
5329,0.9477
5330,0.9477
5331,0.9477
5332,0.9477
5333,0.9477
5334,0.9477
5335,0.9477
5336,0.9477
5337,0.9477
5338,0.9477
5339,0.9477
5340,0.9477
5341,0.9477
5342,0.9477
5343,0.9477
5344,0.9477
5345,0.9477
5346,0.9477
5347,0.9477
5348,0.9477
5349,0.9477
5350,0.9477
5351,0.9477
5352,0.9477
5353,0.9477
5354,0.9477
5355,0.9477
5356,0.9477
5357,0.9477
5358,0.9477
5359,0.9477
5360,0.9477
5361,0.9477
5362,0.9477
5363,0.9477
5364,0.9477
5365,0.9477
5366,0.9477
5367,0.9477
5368,0.9477
5369,0.9477
5370,0.9477
5371,0.9477
5372,0.9477
5373,0.9477
5374,0.9477
5375,0.9477
5376,0.9477
5377,0.9477
5378,0.9477
5379,0.9477
5380,0.9477
5381,0.9477
5382,0.9477
5383,0.9477
5384,0.9477
5385,0.9477
5386,0.9477
5387,0.9477
5388,0.9477
5389,0.9477
5390,0.9477
5391,0.9477
5392,0.9477
5393,0.9477
5394,0.9477
5395,0.9477
5396,0.9477
5397,0.9477
5398,0.9477
5399,0.9477
5400,0.9477
5401,0.9477
5402,0.9477
5403,0.9477
5404,0.9477
5405,0.9477
5406,0.9477
5407,0.9477
5408,0.9477
5409,0.9477
5410,0.9477
5411,0.9477
5412,0.9477
5413,0.9477
5414,0.9477
5415,0.9477
5416,0.9477
5417,0.9477
5418,0.9477
5419,0.9477
5420,0.9477
5421,0.9477
5422,0.9477
5423,0.9477
5424,0.9477
5425,0.9477
5426,0.9477
5427,0.9477
5428,0.9477
5429,0.9477
5430,0.9477
5431,0.9477
5432,0.9477
5433,0.9477
5434,0.9477
5435,0.9477
5436,0.9477
5437,0.9477
5438,0.9477
5439,0.9477
5440,0.9477
5441,0.9477
5442,0.9477
5443,0.9477
5444,0.9477
5445,0.9477
5446,0.9477
5447,0.9477
5448,0.9477
5449,0.9477
5450,0.9477
5451,0.9477
5452,0.9477
5453,0.9477
5454,0.9477
5455,0.9477
5456,0.9477
5457,0.9477
5458,0.9477
5459,0.9477
5460,0.9477
5461,0.9477
5462,0.9477
5463,0.9477
5464,0.9477
5465,0.9477
5466,0.9477
5467,0.9477
5468,0.9477
5469,0.9477
5470,0.9477
5471,0.9477
5472,0.9477
5473,0.9477
5474,0.9477
5475,0.9477
5476,0.9477
5477,0.9477
5478,0.9477
5479,0.9477
5480,0.9477
5481,0.9477
5482,0.9477
5483,0.9477
5484,0.9477
5485,0.9477
5486,0.9477
5487,0.9477
5488,0.9477
5489,0.9477
5490,0.9477
5491,0.9477
5492,0.9477
5493,0.9477
5494,0.9477
5495,0.9477
5496,0.9477
5497,0.9477
5498,0.9477
5499,0.9477
5500,0.9477
5501,0.9477
5502,0.9477
5503,0.9477
5504,0.9477
5505,0.9477
5506,0.9477
5507,0.9477
5508,0.9477
5509,0.9477
5510,0.9477
5511,0.9477
5512,0.9477
5513,0.9477
5514,0.9477
5515,0.9477
5516,0.9477
5517,0.9477
5518,0.9477
5519,0.9477
5520,0.9477
5521,0.9477
5522,0.9477
5523,0.9477
5524,0.9477
5525,0.9477
5526,0.9477
5527,0.9477
5528,0.9477
5529,0.9477
5530,0.9477
5531,0.9477
5532,0.9477
5533,0.9477
5534,0.9477
5535,0.9477
5536,0.9477
5537,0.9477
5538,0.9477
5539,0.9477
5540,0.9477
5541,0.9477
5542,0.9477
5543,0.9477
5544,0.9477
5545,0.9477
5546,0.9477
5547,0.9477
5548,0.9477
5549,0.9477
5550,0.9477
5551,0.9477
5552,0.9477
5553,0.9477
5554,0.9477
5555,0.9477
5556,0.9477
5557,0.9477
5558,0.9477
5559,0.9477
5560,0.9477
5561,0.9477
5562,0.9477
5563,0.9477
5564,0.9477
5565,0.9477
5566,0.9477
5567,0.9477
5568,0.9477
5569,0.9477
5570,0.9477
5571,0.9477
5572,0.9477
5573,0.9477
5574,0.9477
5575,0.9477
5576,0.9477
5577,0.9477
5578,0.9477
5579,0.9477
5580,0.9477
5581,0.9477
5582,0.9477
5583,0.9477
5584,0.9477
5585,0.9477
5586,0.9477
5587,0.9477
5588,0.9477
5589,0.9477
5590,0.9477
5591,0.9477
5592,0.9477
5593,0.9477
5594,0.9477
5595,0.9477
5596,0.9477
5597,0.9477
5598,0.9477
5599,0.9477
5600,0.9477
5601,0.9477
5602,0.9477
5603,0.9477
5604,0.9477
5605,0.9477
5606,0.9477
5607,0.9477
5608,0.9477
5609,0.9477
5610,0.9477
5611,0.9477
5612,0.9477
5613,0.9477
5614,0.9477
5615,0.9477
5616,0.9477
5617,0.9477
5618,0.9477
5619,0.9477
5620,0.9477
5621,0.9477
5622,0.9477
5623,0.9477
5624,0.9477
5625,0.9477
5626,0.9477
5627,0.9477
5628,0.9477
5629,0.9477
5630,0.9477
5631,0.9477
5632,0.9477
5633,0.9477
5634,0.9477
5635,0.9477
5636,0.9477
5637,0.9477
5638,0.9477
5639,0.9477
5640,0.9477
5641,0.9477
5642,0.9477
5643,0.9477
5644,0.9477
5645,0.9477
5646,0.9477
5647,0.9477
5648,0.9477
5649,0.9477
5650,0.9477
5651,0.9477
5652,0.9477
5653,0.9477
5654,0.9477
5655,0.9477
5656,0.9477
5657,0.9477
5658,0.9477
5659,0.9477
5660,0.9477
5661,0.9477
5662,0.9477
5663,0.9477
5664,0.9477
5665,0.9477
5666,0.9477
5667,0.9477
5668,0.9477
5669,0.9477
5670,0.9477
5671,0.9477
5672,0.9477
5673,0.9477
5674,0.9477
5675,0.9477
5676,0.9477
5677,0.9477
5678,0.9477
5679,0.9477
5680,0.9477
5681,0.9477
5682,0.9477
5683,0.9477
5684,0.9477
5685,0.9477
5686,0.9477
5687,0.9477
5688,0.9477
5689,0.9477
5690,0.9477
5691,0.9477
5692,0.9477
5693,0.9477
5694,0.9477
5695,0.9477
5696,0.9477
5697,0.9477
5698,0.9477
5699,0.9477
5700,0.9477
5701,0.9477
5702,0.9477
5703,0.9477
5704,0.9477
5705,0.9477
5706,0.9477
5707,0.9477
5708,0.9477
5709,0.9477
5710,0.9477
5711,0.9477
5712,0.9477
5713,0.9477
5714,0.9477
5715,0.9477
5716,0.9477
5717,0.9477
5718,0.9477
5719,0.9477
5720,0.9477
5721,0.9477
5722,0.9477
5723,0.9477
5724,0.9477
5725,0.9477
5726,0.9477
5727,0.9477
5728,0.9477
5729,0.9477
5730,0.9477
5731,0.9477
5732,0.9477
5733,0.9477
5734,0.9477
5735,0.9477
5736,0.9477
5737,0.9477
5738,0.9477
5739,0.9477
5740,0.9477
5741,0.9477
5742,0.9477
5743,0.9477
5744,0.9477
5745,0.9477
5746,0.9477
5747,0.9477
5748,0.9477
5749,0.9477
5750,0.9477
5751,0.9477
5752,0.9477
5753,0.9477
5754,0.9477
5755,0.9477
5756,0.9477
5757,0.9477
5758,0.9477
5759,0.9477
5760,0.9477
5761,0.9477
5762,0.9477
5763,0.9477
5764,0.9477
5765,0.9477
5766,0.9477
5767,0.9477
5768,0.9477
5769,0.9477
5770,0.9477
5771,0.9477
5772,0.9477
5773,0.9477
5774,0.9477
5775,0.9477
5776,0.9477
5777,0.9477
5778,0.9477
5779,0.9477
5780,0.9477
5781,0.9477
5782,0.9477
5783,0.9477
5784,0.9477
5785,0.9477
5786,0.9477
5787,0.9477
5788,0.9477
5789,0.9477
5790,0.9477
5791,0.9477
5792,0.9477
5793,0.9477
5794,0.9477
5795,0.9477
5796,0.9477
5797,0.9477
5798,0.9477
5799,0.9477
5800,0.9477
5801,0.9477
5802,0.9477
5803,0.9477
5804,0.9477
5805,0.9477
5806,0.9477
5807,0.9477
5808,0.9477
5809,0.9477
5810,0.9477
5811,0.9477
5812,0.9477
5813,0.9477
5814,0.9477
5815,0.9477
5816,0.9477
5817,0.9477
5818,0.9477
5819,0.9477
5820,0.9477
5821,0.9477
5822,0.9477
5823,0.9477
5824,0.9477
5825,0.9477
5826,0.9477
5827,0.9477
5828,0.9477
5829,0.9477
5830,0.9477
5831,0.9477
5832,0.9477
5833,0.9477
5834,0.9477
5835,0.9477
5836,0.9477
5837,0.9477
5838,0.9477
5839,0.9477
5840,0.9477
5841,0.9477
5842,0.9477
5843,0.9477
5844,0.9477
5845,0.9477
5846,0.9477
5847,0.9477
5848,0.9477
5849,0.9477
5850,0.9477
5851,0.9477
5852,0.9477
5853,0.9477
5854,0.9477
5855,0.9477
5856,0.9477
5857,0.9477
5858,0.9477
5859,0.9477
5860,0.9477
5861,0.9477
5862,0.9477
5863,0.9477
5864,0.9477
5865,0.9477
5866,0.9477
5867,0.9477
5868,0.9477
5869,0.9477
5870,0.9477
5871,0.9477
5872,0.9477
5873,0.9477
5874,0.9477
5875,0.9477
5876,0.9477
5877,0.9477
5878,0.9477
5879,0.9477
5880,0.9477
5881,0.9477
5882,0.9477
5883,0.9477
5884,0.9477
5885,0.9477
5886,0.9477
5887,0.9477
5888,0.9477
5889,0.9477
5890,0.9477
5891,0.9477
5892,0.9477
5893,0.9477
5894,0.9477
5895,0.9477
5896,0.9477
5897,0.9477
5898,0.9477
5899,0.9477
5900,0.9477
5901,0.9477
5902,0.9477
5903,0.9477
5904,0.9477
5905,0.9477
5906,0.9477
5907,0.9477
5908,0.9477
5909,0.9477
5910,0.9477
5911,0.9477
5912,0.9477
5913,0.9477
5914,0.9477
5915,0.9477
5916,0.9477
5917,0.9477
5918,0.9477
5919,0.9477
5920,0.9477
5921,0.9477
5922,0.9477
5923,0.9477
5924,0.9477
5925,0.9477
5926,0.9477
5927,0.9477
5928,0.9477
5929,0.9477
5930,0.9477
5931,0.9477
5932,0.9477
5933,0.9477
5934,0.9477
5935,0.9477
5936,0.9477
5937,0.9477
5938,0.9477
5939,0.9477
5940,0.9477
5941,0.9477
5942,0.9477
5943,0.9477
5944,0.9477
5945,0.9477
5946,0.9477
5947,0.9477
5948,0.9477
5949,0.9477
5950,0.9477
5951,0.9477
5952,0.9477
5953,0.9477
5954,0.9477
5955,0.9477
5956,0.9477
5957,0.9477
5958,0.9477
5959,0.9477
5960,0.9477
5961,0.9477
5962,0.9477
5963,0.9477
5964,0.9477
5965,0.9477
5966,0.9477
5967,0.9477
5968,0.9477
5969,0.9477
5970,0.9477
5971,0.9477
5972,0.9477
5973,0.9477
5974,0.9477
5975,0.9477
5976,0.9477
5977,0.9477
5978,0.9477
5979,0.9477
5980,0.9477
5981,0.9477
5982,0.9477
5983,0.9477
5984,0.9477
5985,0.9477
5986,0.9477
5987,0.9477
5988,0.9477
5989,0.9477
5990,0.9477
5991,0.9477
5992,0.9477
5993,0.9477
5994,0.9477
5995,0.9477
5996,0.9477
5997,0.9477
5998,0.9477
5999,0.9477
6000,0.9477
6001,0.9477
6002,0.9477
6003,0.9477
6004,0.9477
6005,0.9477
6006,0.9477
6007,0.9477
6008,0.9477
6009,0.9477
6010,0.9477
6011,0.9477
6012,0.9477
6013,0.9477
6014,0.9477
6015,0.9477
6016,0.9477
6017,0.9477
6018,0.9477
6019,0.9477
6020,0.9477
6021,0.9477
6022,0.9477
6023,0.9477
6024,0.9477
6025,0.9477
6026,0.9477
6027,0.9477
6028,0.9477
6029,0.9477
6030,0.9477
6031,0.9477
6032,0.9477
6033,0.9477
6034,0.9477
6035,0.9477
6036,0.9477
6037,0.9477
6038,0.9477
6039,0.9477
6040,0.9477
6041,0.9477
6042,0.9477
6043,0.9477
6044,0.9477
6045,0.9477
6046,0.9477
6047,0.9477
6048,0.9477
6049,0.9477
6050,0.9477
6051,0.9477
6052,0.9477
6053,0.9477
6054,0.9477
6055,0.9477
6056,0.9477
6057,0.9477
6058,0.9477
6059,0.9477
6060,0.9477
6061,0.9477
6062,0.9477
6063,0.9477
6064,0.9477
6065,0.9477
6066,0.9477
6067,0.9477
6068,0.9477
6069,0.9477
6070,0.9477
6071,0.9477
6072,0.9477
6073,0.9477
6074,0.9477
6075,0.9477
6076,0.9477
6077,0.9477
6078,0.9477
6079,0.9477
6080,0.9477
6081,0.9477
6082,0.9477
6083,0.9477
6084,0.9477
6085,0.9477
6086,0.9477
6087,0.9477
6088,0.9477
6089,0.9477
6090,0.9477
6091,0.9477
6092,0.9477
6093,0.9477
6094,0.9477
6095,0.9477
6096,0.9477
6097,0.9477
6098,0.9477
6099,0.9477
6100,0.9477
6101,0.9477
6102,0.9477
6103,0.9477
6104,0.9477
6105,0.9477
6106,0.9477
6107,0.9477
6108,0.9477
6109,0.9477
6110,0.9477
6111,0.9477
6112,0.9477
6113,0.9477
6114,0.9477
6115,0.9477
6116,0.9477
6117,0.9477
6118,0.9477
6119,0.9477
6120,0.9477
6121,0.9477
6122,0.9477
6123,0.9477
6124,0.9477
6125,0.9477
6126,0.9477
6127,0.9477
6128,0.9477
6129,0.9477
6130,0.9477
6131,0.9477
6132,0.9477
6133,0.9477
6134,0.9477
6135,0.9477
6136,0.9477
6137,0.9477
6138,0.9477
6139,0.9477
6140,0.9477
6141,0.9477
6142,0.9477
6143,0.9477
6144,0.9477
6145,0.9477
6146,0.9477
6147,0.9477
6148,0.9477
6149,0.9477
6150,0.9477
6151,0.9477
6152,0.9477
6153,0.9477
6154,0.9477
6155,0.9477
6156,0.9477
6157,0.9477
6158,0.9477
6159,0.9477
6160,0.9477
6161,0.9477
6162,0.9477
6163,0.9477
6164,0.9477
6165,0.9477
6166,0.9477
6167,0.9477
6168,0.9477
6169,0.9477
6170,0.9477
6171,0.9477
6172,0.9477
6173,0.9477
6174,0.9477
6175,0.9477
6176,0.9477
6177,0.9477
6178,0.9477
6179,0.9477
6180,0.9477
6181,0.9477
6182,0.9477
6183,0.9477
6184,0.9477
6185,0.9477
6186,0.9477
6187,0.9477
6188,0.9477
6189,0.9477
6190,0.9477
6191,0.9477
6192,0.9477
6193,0.9477
6194,0.9477
6195,0.9477
6196,0.9477
6197,0.9477
6198,0.9477
6199,0.9477
6200,0.9477
6201,0.9477
6202,0.9477
6203,0.9477
6204,0.9477
6205,0.9477
6206,0.9477
6207,0.9477
6208,0.9477
6209,0.9477
6210,0.9477
6211,0.9477
6212,0.9477
6213,0.9477
6214,0.9477
6215,0.9477
6216,0.9477
6217,0.9477
6218,0.9477
6219,0.9477
6220,0.9477
6221,0.9477
6222,0.9477
6223,0.9477
6224,0.9477
6225,0.9477
6226,0.9477
6227,0.9477
6228,0.9477
6229,0.9477
6230,0.9477
6231,0.9477
6232,0.9477
6233,0.9477
6234,0.9477
6235,0.9477
6236,0.9477
6237,0.9477
6238,0.9477
6239,0.9477
6240,0.9477
6241,0.9477
6242,0.9477
6243,0.9477
6244,0.9477
6245,0.9477
6246,0.9477
6247,0.9477
6248,0.9477
6249,0.9477
6250,0.9477
6251,0.9477
6252,0.9477
6253,0.9477
6254,0.9477
6255,0.9477
6256,0.9477
6257,0.9477
6258,0.9477
6259,0.9477
6260,0.9477
6261,0.9477
6262,0.9477
6263,0.9477
6264,0.9477
6265,0.9477
6266,0.9477
6267,0.9477
6268,0.9477
6269,0.9477
6270,0.9477
6271,0.9477
6272,0.9477
6273,0.9477
6274,0.9477
6275,0.9477
6276,0.9477
6277,0.9477
6278,0.9477
6279,0.9477
6280,0.9477
6281,0.9477
6282,0.9477
6283,0.9477
6284,0.9477
6285,0.9477
6286,0.9477
6287,0.9477
6288,0.9477
6289,0.9477
6290,0.9477
6291,0.9477
6292,0.9477
6293,0.9477
6294,0.9477
6295,0.9477
6296,0.9477
6297,0.9477
6298,0.9477
6299,0.9477
6300,0.9477
6301,0.9477
6302,0.9477
6303,0.9477
6304,0.9477
6305,0.9477
6306,0.9477
6307,0.9477
6308,0.9477
6309,0.9477
6310,0.9477
6311,0.9477
6312,0.9477
6313,0.9477
6314,0.9477
6315,0.9477
6316,0.9477
6317,0.9477
6318,0.9477
6319,0.9477
6320,0.9477
6321,0.9477
6322,0.9477
6323,0.9477
6324,0.9477
6325,0.9477
6326,0.9477
6327,0.9477
6328,0.9477
6329,0.9477
6330,0.9477
6331,0.9477
6332,0.9477
6333,0.9477
6334,0.9477
6335,0.9477
6336,0.9477
6337,0.9477
6338,0.9477
6339,0.9477
6340,0.9477
6341,0.9477
6342,0.9477
6343,0.9477
6344,0.9477
6345,0.9477
6346,0.9477
6347,0.9477
6348,0.9477
6349,0.9477
6350,0.9477
6351,0.9477
6352,0.9477
6353,0.9477
6354,0.9477
6355,0.9477
6356,0.9477
6357,0.9477
6358,0.9477
6359,0.9477
6360,0.9477
6361,0.9477
6362,0.9477
6363,0.9477
6364,0.9477
6365,0.9477
6366,0.9477
6367,0.9477
6368,0.9477
6369,0.9477
6370,0.9477
6371,0.9477
6372,0.9477
6373,0.9477
6374,0.9477
6375,0.9477
6376,0.9477
6377,0.9477
6378,0.9477
6379,0.9477
6380,0.9477
6381,0.9477
6382,0.9477
6383,0.9477
6384,0.9477
6385,0.9477
6386,0.9477
6387,0.9477
6388,0.9477
6389,0.9477
6390,0.9477
6391,0.9477
6392,0.9477
6393,0.9477
6394,0.9477
6395,0.9477
6396,0.9477
6397,0.9477
6398,0.9477
6399,0.9477
6400,0.9477
6401,0.9477
6402,0.9477
6403,0.9477
6404,0.9477
6405,0.9477
6406,0.9477
6407,0.9477
6408,0.9477
6409,0.9477
6410,0.9477
6411,0.9477
6412,0.9477
6413,0.9477
6414,0.9477
6415,0.9477
6416,0.9477
6417,0.9477
6418,0.9477
6419,0.9477
6420,0.9477
6421,0.9477
6422,0.9477
6423,0.9477
6424,0.9477
6425,0.9477
6426,0.9477
6427,0.9477
6428,0.9477
6429,0.9477
6430,0.9477
6431,0.9477
6432,0.9477
6433,0.9477
6434,0.9477
6435,0.9477
6436,0.9477
6437,0.9477
6438,0.9477
6439,0.9477
6440,0.9477
6441,0.9477
6442,0.9477
6443,0.9477
6444,0.9477
6445,0.9477
6446,0.9477
6447,0.9477
6448,0.9477
6449,0.9477
6450,0.9477
6451,0.9477
6452,0.9477
6453,0.9477
6454,0.9477
6455,0.9477
6456,0.9477
6457,0.9477
6458,0.9477
6459,0.9477
6460,0.9477
6461,0.9477
6462,0.9477
6463,0.9477
6464,0.9477
6465,0.9477
6466,0.9477
6467,0.9477
6468,0.9477
6469,0.9477
6470,0.9477
6471,0.9477
6472,0.9477
6473,0.9477
6474,0.9477
6475,0.9477
6476,0.9477
6477,0.9477
6478,0.9477
6479,0.9477
6480,0.9477
6481,0.9477
6482,0.9477
6483,0.9477
6484,0.9477
6485,0.9477
6486,0.9477
6487,0.9477
6488,0.9477
6489,0.9477
6490,0.9477
6491,0.9477
6492,0.9477
6493,0.9477
6494,0.9477
6495,0.9477
6496,0.9477
6497,0.9477
6498,0.9477
6499,0.9477
6500,0.9477
6501,0.9477
6502,0.9477
6503,0.9477
6504,0.9477
6505,0.9477
6506,0.9477
6507,0.9477
6508,0.9477
6509,0.9477
6510,0.9477
6511,0.9477
6512,0.9477
6513,0.9477
6514,0.9477
6515,0.9477
6516,0.9477
6517,0.9477
6518,0.9477
6519,0.9477
6520,0.9477
6521,0.9477
6522,0.9477
6523,0.9477
6524,0.9477
6525,0.9477
6526,0.9477
6527,0.9477
6528,0.9477
6529,0.9477
6530,0.9477
6531,0.9477
6532,0.9477
6533,0.9477
6534,0.9477
6535,0.9477
6536,0.9477
6537,0.9477
6538,0.9477
6539,0.9477
6540,0.9477
6541,0.9477
6542,0.9477
6543,0.9477
6544,0.9477
6545,0.9477
6546,0.9477
6547,0.9477
6548,0.9477
6549,0.9477
6550,0.9477
6551,0.9477
6552,0.9477
6553,0.9477
6554,0.9477
6555,0.9477
6556,0.9477
6557,0.9477
6558,0.9477
6559,0.9477
6560,0.9477
6561,0.9477
6562,0.9477
6563,0.9477
6564,0.9477
6565,0.9477
6566,0.9477
6567,0.9477
6568,0.9477
6569,0.9477
6570,0.9477
6571,0.9477
6572,0.9477
6573,0.9477
6574,0.9477
6575,0.9477
6576,0.9477
6577,0.9477
6578,0.9477
6579,0.9477
6580,0.9477
6581,0.9477
6582,0.9477
6583,0.9477
6584,0.9477
6585,0.9477
6586,0.9477
6587,0.9477
6588,0.9477
6589,0.9477
6590,0.9477
6591,0.9477
6592,0.9477
6593,0.9477
6594,0.9477
6595,0.9477
6596,0.9477
6597,0.9477
6598,0.9477
6599,0.9477
6600,0.9477
6601,0.9477
6602,0.9477
6603,0.9477
6604,0.9477
6605,0.9477
6606,0.9477
6607,0.9477
6608,0.9477
6609,0.9477
6610,0.9477
6611,0.9477
6612,0.9477
6613,0.9477
6614,0.9477
6615,0.9477
6616,0.9477
6617,0.9477
6618,0.9477
6619,0.9477
6620,0.9477
6621,0.9477
6622,0.9477
6623,0.9477
6624,0.9477
6625,0.9477
6626,0.9477
6627,0.9477
6628,0.9477
6629,0.9477
6630,0.9477
6631,0.9477
6632,0.9477
6633,0.9477
6634,0.9477
6635,0.9477
6636,0.9477
6637,0.9477
6638,0.9477
6639,0.9477
6640,0.9477
6641,0.9477
6642,0.9477
6643,0.9477
6644,0.9477
6645,0.9477
6646,0.9477
6647,0.9477
6648,0.9477
6649,0.9477
6650,0.9477
6651,0.9477
6652,0.9477
6653,0.9477
6654,0.9477
6655,0.9477
6656,0.9477
6657,0.9477
6658,0.9477
6659,0.9477
6660,0.9477
6661,0.9477
6662,0.9477
6663,0.9477
6664,0.9477
6665,0.9477
6666,0.9477
6667,0.9477
6668,0.9477
6669,0.9477
6670,0.9477
6671,0.9477
6672,0.9477
6673,0.9477
6674,0.9477
6675,0.9477
6676,0.9477
6677,0.9477
6678,0.9477
6679,0.9477
6680,0.9477
6681,0.9477
6682,0.9477
6683,0.9477
6684,0.9477
6685,0.9477
6686,0.9477
6687,0.9477
6688,0.9477
6689,0.9477
6690,0.9477
6691,0.9477
6692,0.9477
6693,0.9477
6694,0.9477
6695,0.9477
6696,0.9477
6697,0.9477
6698,0.9477
6699,0.9477
6700,0.9477
6701,0.9477
6702,0.9477
6703,0.9477
6704,0.9477
6705,0.9477
6706,0.9477
6707,0.9477
6708,0.9477
6709,0.9477
6710,0.9477
6711,0.9477
6712,0.9477
6713,0.9477
6714,0.9477
6715,0.9477
6716,0.9477
6717,0.9477
6718,0.9477
6719,0.9477
6720,0.9477
6721,0.9477
6722,0.9477
6723,0.9477
6724,0.9477
6725,0.9477
6726,0.9477
6727,0.9477
6728,0.9477
6729,0.9477
6730,0.9477
6731,0.9477
6732,0.9477
6733,0.9477
6734,0.9477
6735,0.9477
6736,0.9477
6737,0.9477
6738,0.9477
6739,0.9477
6740,0.9477
6741,0.9477
6742,0.9477
6743,0.9477
6744,0.9477
6745,0.9477
6746,0.9477
6747,0.9477
6748,0.9477
6749,0.9477
6750,0.9477
6751,0.9477
6752,0.9477
6753,0.9477
6754,0.9477
6755,0.9477
6756,0.9477
6757,0.9477
6758,0.9477
6759,0.9477
6760,0.9477
6761,0.9477
6762,0.9477
6763,0.9477
6764,0.9477
6765,0.9477
6766,0.9477
6767,0.9477
6768,0.9477
6769,0.9477
6770,0.9477
6771,0.9477
6772,0.9477
6773,0.9477
6774,0.9477
6775,0.9477
6776,0.9477
6777,0.9477
6778,0.9477
6779,0.9477
6780,0.9477
6781,0.9477
6782,0.9477
6783,0.9477
6784,0.9477
6785,0.9477
6786,0.9477
6787,0.9477
6788,0.9477
6789,0.9477
6790,0.9477
6791,0.9477
6792,0.9477
6793,0.9477
6794,0.9477
6795,0.9477
6796,0.9477
6797,0.9477
6798,0.9477
6799,0.9477
6800,0.9477
6801,0.9477
6802,0.9477
6803,0.9477
6804,0.9477
6805,0.9477
6806,0.9477
6807,0.9477
6808,0.9477
6809,0.9477
6810,0.9477
6811,0.9477
6812,0.9477
6813,0.9477
6814,0.9477
6815,0.9477
6816,0.9477
6817,0.9477
6818,0.9477
6819,0.9477
6820,0.9477
6821,0.9477
6822,0.9477
6823,0.9477
6824,0.9477
6825,0.9477
6826,0.9477
6827,0.9477
6828,0.9477
6829,0.9477
6830,0.9477
6831,0.9477
6832,0.9477
6833,0.9477
6834,0.9477
6835,0.9477
6836,0.9477
6837,0.9477
6838,0.9477
6839,0.9477
6840,0.9477
6841,0.9477
6842,0.9477
6843,0.9477
6844,0.9477
6845,0.9477
6846,0.9477
6847,0.9477
6848,0.9477
6849,0.9477
6850,0.9477
6851,0.9477
6852,0.9477
6853,0.9477
6854,0.9477
6855,0.9477
6856,0.9477
6857,0.9477
6858,0.9477
6859,0.9477
6860,0.9477
6861,0.9477
6862,0.9477
6863,0.9477
6864,0.9477
6865,0.9477
6866,0.9477
6867,0.9477
6868,0.9477
6869,0.9477
6870,0.9477
6871,0.9477
6872,0.9477
6873,0.9477
6874,0.9477
6875,0.9477
6876,0.9477
6877,0.9477
6878,0.9477
6879,0.9477
6880,0.9477
6881,0.9477
6882,0.9477
6883,0.9477
6884,0.9477
6885,0.9477
6886,0.9477
6887,0.9477
6888,0.9477
6889,0.9477
6890,0.9477
6891,0.9477
6892,0.9477
6893,0.9477
6894,0.9477
6895,0.9477
6896,0.9477
6897,0.9477
6898,0.9477
6899,0.9477
6900,0.9477
6901,0.9477
6902,0.9477
6903,0.9477
6904,0.9477
6905,0.9477
6906,0.9477
6907,0.9477
6908,0.9477
6909,0.9477
6910,0.9477
6911,0.9477
6912,0.9477
6913,0.9477
6914,0.9477
6915,0.9477
6916,0.9477
6917,0.9477
6918,0.9477
6919,0.9477
6920,0.9477
6921,0.9477
6922,0.9477
6923,0.9477
6924,0.9477
6925,0.9477
6926,0.9477
6927,0.9477
6928,0.9477
6929,0.9477
6930,0.9477
6931,0.9477
6932,0.9477
6933,0.9477
6934,0.9477
6935,0.9477
6936,0.9477
6937,0.9477
6938,0.9477
6939,0.9477
6940,0.9477
6941,0.9477
6942,0.9477
6943,0.9477
6944,0.9477
6945,0.9477
6946,0.9477
6947,0.9477
6948,0.9477
6949,0.9477
6950,0.9477
6951,0.9477
6952,0.9477
6953,0.9477
6954,0.9477
6955,0.9477
6956,0.9477
6957,0.9477
6958,0.9477
6959,0.9477
6960,0.9477
6961,0.9477
6962,0.9477
6963,0.9477
6964,0.9477
6965,0.9477
6966,0.9477
6967,0.9477
6968,0.9477
6969,0.9477
6970,0.9477
6971,0.9477
6972,0.9477
6973,0.9477
6974,0.9477
6975,0.9477
6976,0.9477
6977,0.9477
6978,0.9477
6979,0.9477
6980,0.9477
6981,0.9477
6982,0.9477
6983,0.9477
6984,0.9477
6985,0.9477
6986,0.9477
6987,0.9477
6988,0.9477
6989,0.9477
6990,0.9477
6991,0.9477
6992,0.9477
6993,0.9477
6994,0.9477
6995,0.9477
6996,0.9477
6997,0.9477
6998,0.9477
6999,0.9477
7000,0.9477
7001,0.9477
7002,0.9477
7003,0.9477
7004,0.9477
7005,0.9477
7006,0.9477
7007,0.9477
7008,0.9477
7009,0.9477
7010,0.9477
7011,0.9477
7012,0.9477
7013,0.9477
7014,0.9477
7015,0.9477
7016,0.9477
7017,0.9477
7018,0.9477
7019,0.9477